0	0.0679
0.01	-0.5439
0.02	-0.9903
0.03	-1.4829
0.04	-1.8893
0.05	-2.3142
0.06	-2.8619
0.07	-3.1619
0.08	-3.777
0.09	-4.1713
0.1	-4.6237
0.11	-4.9835
0.12	-5.4762
0.13	-5.862
0.14	-6.2596
0.15	-6.7993
0.16	-7.142
0.17	-7.5761
0.18	-7.9276
0.19	-8.3397
0.2	-8.713
0.21	-9.0336
0.22	-9.5491
0.23	-9.8646
0.24	-10.3548
0.25	-10.6131
0.26	-11.0235
0.27	-11.4671
0.28	-11.7748
0.29	-12.1118
0.3	-12.3988
0.31	-12.916
0.32	-13.2402
0.33	-13.5275
0.34	-13.8771
0.35	-14.2311
0.36	-14.6949
0.37	-14.9553
0.38	-15.3705
0.39	-15.6118
0.4	-15.9839
0.41	-16.3874
0.42	-16.5819
0.43	-17.0131
0.44	-17.2749
0.45	-17.5416
0.46	-17.9435
0.47	-18.1413
0.48	-18.5178
0.49	-18.8289
0.5	-19.1733
0.51	-19.3574
0.52	-19.7739
0.53	-19.978
0.54	-20.2947
0.55	-20.5607
0.56	-20.8795
0.57	-21.2273
0.58	-21.4633
0.59	-21.835
0.6	-22.0583
0.61	-22.2743
0.62	-22.5683
0.63	-22.8149
0.64	-23.0533
0.65	-23.347
0.66	-23.6659
0.67	-23.9389
0.68	-24.1599
0.69	-24.4874
0.7	-24.6833
0.71	-25.0625
0.72	-25.2117
0.73	-25.5447
0.74	-25.7971
0.75	-25.997
0.76	-26.2724
0.77	-26.4924
0.78	-26.7234
0.79	-26.8699
0.8	-27.2015
0.81	-27.4367
0.82	-27.681
0.83	-27.856
0.84	-28.2198
0.85	-28.3978
0.86	-28.5931
0.87	-28.7993
0.88	-29.0353
0.89	-29.3675
0.9	-29.4382
0.91	-29.6886
0.92	-29.9612
0.93	-30.2012
0.94	-30.5227
0.95	-30.6346
0.96	-30.8911
0.97	-30.9733
0.98	-31.2611
0.99	-31.529
1	-31.7464
1.01	-31.8206
1.02	-32.0874
1.03	-32.2149
1.04	-32.4111
1.05	-32.7435
1.06	-32.8379
1.07	-33.0849
1.08	-33.2301
1.09	-33.4419
1.1	-33.6447
1.11	-33.892
1.12	-33.943
1.13	-34.1421
1.14	-34.3547
1.15	-34.5131
1.16	-34.7175
1.17	-34.8385
1.18	-35.1714
1.19	-35.4339
1.2	-35.4591
1.21	-35.7118
1.22	-35.8584
1.23	-35.9597
1.24	-36.088
1.25	-36.4825
1.26	-36.505
1.27	-36.6472
1.28	-36.9331
1.29	-37.0146
1.3	-37.2014
1.31	-37.4667
1.32	-37.6124
1.33	-37.7134
1.34	-37.8845
1.35	-38.0447
1.36	-38.2094
1.37	-38.4474
1.38	-38.5743
1.39	-38.7634
1.4	-38.8088
1.41	-39.0251
1.42	-39.1008
1.43	-39.3227
1.44	-39.5153
1.45	-39.7567
1.46	-39.6875
1.47	-39.9563
1.48	-40.1619
1.49	-40.2008
1.5	-40.3939
1.51	-40.5798
1.52	-40.5801
1.53	-40.8138
1.54	-41.0276
1.55	-41.1284
1.56	-41.2516
1.57	-41.3634
1.58	-41.5559
1.59	-41.706
1.6	-41.7935
1.61	-41.8758
1.62	-42.1098
1.63	-42.286
1.64	-42.3435
1.65	-42.4998
1.66	-42.6267
1.67	-42.7428
1.68	-42.9489
1.69	-42.994
1.7	-43.1253
1.71	-43.3316
1.72	-43.374
1.73	-43.5543
1.74	-43.6413
1.75	-43.7751
1.76	-43.9517
1.77	-43.9888
1.78	-44.2263
1.79	-44.3029
1.8	-44.4741
1.81	-44.5212
1.82	-44.7136
1.83	-44.7548
1.84	-44.897
1.85	-45.0232
1.86	-45.1095
1.87	-45.3068
1.88	-45.3563
1.89	-45.4638
1.9	-45.6159
1.91	-45.7
1.92	-45.9102
1.93	-45.9961
1.94	-46.0751
1.95	-46.2636
1.96	-46.266
1.97	-46.3976
1.98	-46.5611
1.99	-46.5489
2	-46.7152
2.01	-46.9044
2.02	-46.9342
2.03	-47.0831
2.04	-47.138
2.05	-47.3314
2.06	-47.4549
2.07	-47.5466
2.08	-47.5461
2.09	-47.724
2.1	-47.8456
2.11	-47.9279
2.12	-48.0557
2.13	-48.0778
2.14	-48.2032
2.15	-48.4059
2.16	-48.5139
2.17	-48.4986
2.18	-48.6428
2.19	-48.7454
2.2	-48.8064
2.21	-48.9138
2.22	-49.1302
2.23	-49.0685
2.24	-49.209
2.25	-49.2655
2.26	-49.4274
2.27	-49.4561
2.28	-49.5836
2.29	-49.5884
2.3	-49.6961
2.31	-49.8942
2.32	-49.9479
2.33	-50.0221
2.34	-50.1214
2.35	-50.1982
2.36	-50.3563
2.37	-50.4879
2.38	-50.5188
2.39	-50.5776
2.4	-50.6494
2.41	-50.7201
2.42	-50.798
2.43	-50.8804
2.44	-50.9831
2.45	-51.1116
2.46	-51.2364
2.47	-51.2737
2.48	-51.3582
2.49	-51.348
2.5	-51.4605
2.51	-51.5973
2.52	-51.6065
2.53	-51.7446
2.54	-51.7527
2.55	-51.8815
2.56	-52.0096
2.57	-52.0223
2.58	-52.1085
2.59	-52.247
2.6	-52.3493
2.61	-52.3641
2.62	-52.4161
2.63	-52.5129
2.64	-52.5608
2.65	-52.7367
2.66	-52.7028
2.67	-52.7984
2.68	-53.0059
2.69	-52.9566
2.7	-52.99
2.71	-53.0823
2.72	-53.1969
2.73	-53.2253
2.74	-53.3322
2.75	-53.3539
2.76	-53.4549
2.77	-53.5687
2.78	-53.5328
2.79	-53.6834
2.8	-53.7857
2.81	-53.8685
2.82	-53.7805
2.83	-53.9496
2.84	-53.9315
2.85	-54.1585
2.86	-54.1022
2.87	-54.2118
2.88	-54.3006
2.89	-54.3605
2.9	-54.3813
2.91	-54.5501
2.92	-54.5442
2.93	-54.6313
2.94	-54.6246
2.95	-54.7648
2.96	-54.7701
2.97	-54.7649
2.98	-54.9153
2.99	-54.953
3	-55.0168
3.01	-55.1211
3.02	-55.1056
3.03	-55.2505
3.04	-55.3781
3.05	-55.3118
3.06	-55.3136
3.07	-55.4757
3.08	-55.5977
3.09	-55.6352
3.1	-55.6725
3.11	-55.7083
3.12	-55.7542
3.13	-55.8567
3.14	-55.8076
3.15	-55.8512
3.16	-55.9505
3.17	-56.0294
3.18	-56.1216
3.19	-56.0491
3.2	-56.1597
3.21	-56.256
3.22	-56.2733
3.23	-56.3808
3.24	-56.3311
3.25	-56.4142
3.26	-56.5644
3.27	-56.4985
3.28	-56.5439
3.29	-56.7016
3.3	-56.7905
3.31	-56.774
3.32	-56.8134
3.33	-56.8587
3.34	-56.8323
3.35	-56.9328
3.36	-56.966
3.37	-57.1129
3.38	-57.0168
3.39	-57.1157
3.4	-57.2823
3.41	-57.2168
3.42	-57.3391
3.43	-57.3163
3.44	-57.3096
3.45	-57.3839
3.46	-57.4938
3.47	-57.4755
3.48	-57.5116
3.49	-57.6703
3.5	-57.6799
3.51	-57.6407
3.52	-57.7569
3.53	-57.7846
3.54	-57.8288
3.55	-57.8568
3.56	-57.9628
3.57	-57.9392
3.58	-58.0278
3.59	-58.0003
3.6	-58.0484
3.61	-58.1047
3.62	-58.068
3.63	-58.1626
3.64	-58.2742
3.65	-58.3205
3.66	-58.3315
3.67	-58.3334
3.68	-58.4133
3.69	-58.4937
3.7	-58.3791
3.71	-58.4447
3.72	-58.5165
3.73	-58.6993
3.74	-58.5933
3.75	-58.6669
3.76	-58.7654
3.77	-58.8378
3.78	-58.8157
3.79	-58.7348
3.8	-58.8625
3.81	-58.92
3.82	-58.9468
3.83	-58.9257
3.84	-58.9704
3.85	-59.0377
3.86	-59.0636
3.87	-59.1669
3.88	-59.1391
3.89	-59.1239
3.9	-59.1793
3.91	-59.1672
3.92	-59.2475
3.93	-59.2847
3.94	-59.3961
3.95	-59.3041
3.96	-59.4171
3.97	-59.4832
3.98	-59.5354
3.99	-59.5083
4	-59.5386
4.01	-59.5798
4.02	-59.6017
4.03	-59.6084
4.04	-59.7043
4.05	-59.6831
4.06	-59.6059
4.07	-59.7408
4.08	-59.8192
4.09	-59.7678
4.1	-59.7427
4.11	-59.8459
4.12	-59.87
4.13	-59.8712
4.14	-59.9748
4.15	-59.9371
4.16	-60.0785
4.17	-60.0046
4.18	-60.1015
4.19	-60.0662
4.2	-60.1119
4.21	-60.1096
4.22	-60.1025
4.23	-60.1614
4.24	-60.2212
4.25	-60.2415
4.26	-60.2703
4.27	-60.2851
4.28	-60.3157
4.29	-60.3318
4.3	-60.3559
4.31	-60.3844
4.32	-60.2677
4.33	-60.4133
4.34	-60.4377
4.35	-60.5097
4.36	-60.5422
4.37	-60.6117
4.38	-60.5162
4.39	-60.5249
4.4	-60.6482
4.41	-60.5803
4.42	-60.5806
4.43	-60.7112
4.44	-60.6782
4.45	-60.7912
4.46	-60.7144
4.47	-60.7951
4.48	-60.7564
4.49	-60.7985
4.5	-60.9003
4.51	-60.7812
4.52	-60.8217
4.53	-60.8416
4.54	-60.9745
4.55	-60.8651
4.56	-60.9462
4.57	-60.9525
4.58	-60.9983
4.59	-61.0476
4.6	-60.9637
4.61	-61.1048
4.62	-61.1412
4.63	-61.0612
4.64	-61.0981
4.65	-61.1314
4.66	-61.146
4.67	-61.2431
4.68	-61.2588
4.69	-61.2165
4.7	-61.1654
4.71	-61.2281
4.72	-61.2562
4.73	-61.2928
4.74	-61.3208
4.75	-61.3675
4.76	-61.3829
4.77	-61.4302
4.78	-61.3679
4.79	-61.4228
4.8	-61.4589
4.81	-61.5312
4.82	-61.4769
4.83	-61.4713
4.84	-61.4702
4.85	-61.5292
4.86	-61.5331
4.87	-61.5695
4.88	-61.571
4.89	-61.6042
4.9	-61.5682
4.91	-61.6103
4.92	-61.6714
4.93	-61.6038
4.94	-61.6237
4.95	-61.5964
4.96	-61.7363
4.97	-61.7838
4.98	-61.6986
4.99	-61.7719
5	-61.7163
5.01	-61.7938
5.02	-61.7491
5.03	-61.7214
5.04	-61.7998
5.05	-61.8898
5.06	-61.8529
5.07	-61.8322
5.08	-61.8433
5.09	-61.8284
5.1	-61.8931
5.11	-61.9483
5.12	-61.9577
5.13	-61.9183
5.14	-61.9257
5.15	-62.0053
5.16	-61.9856
5.17	-62.0267
5.18	-61.9776
5.19	-62.0463
5.2	-61.9832
5.21	-61.9924
5.22	-62.148
5.23	-62.1039
5.24	-62.0983
5.25	-62.0964
5.26	-62.1719
5.27	-62.1551
5.28	-62.2707
5.29	-62.0697
5.3	-62.1317
5.31	-62.1144
5.32	-62.1684
5.33	-62.1929
5.34	-62.2603
5.35	-62.2596
5.36	-62.2564
5.37	-62.2632
5.38	-62.2474
5.39	-62.2326
5.4	-62.2072
5.41	-62.344
5.42	-62.2835
5.43	-62.2488
5.44	-62.3083
5.45	-62.3568
5.46	-62.3846
5.47	-62.3542
5.48	-62.3571
5.49	-62.4054
5.5	-62.3763
5.51	-62.4113
5.52	-62.3886
5.53	-62.4523
5.54	-62.4353
5.55	-62.3953
5.56	-62.4615
5.57	-62.4973
5.58	-62.5412
5.59	-62.4139
5.6	-62.4258
5.61	-62.476
5.62	-62.5267
5.63	-62.566
5.64	-62.561
5.65	-62.4684
5.66	-62.5955
5.67	-62.6372
5.68	-62.593
5.69	-62.5539
5.7	-62.6494
5.71	-62.6259
5.72	-62.6154
5.73	-62.6194
5.74	-62.6482
5.75	-62.647
5.76	-62.6396
5.77	-62.6014
5.78	-62.7003
5.79	-62.665
5.8	-62.6672
5.81	-62.7519
5.82	-62.7591
5.83	-62.7922
5.84	-62.6791
5.85	-62.8153
5.86	-62.709
5.87	-62.7514
5.88	-62.7976
5.89	-62.8086
5.9	-62.7704
5.91	-62.8249
5.92	-62.829
5.93	-62.9094
5.94	-62.7616
5.95	-62.7383
5.96	-62.8783
5.97	-62.877
5.98	-62.8137
5.99	-62.8801
6	-62.8848
6.01	-62.8395
6.02	-62.9144
6.03	-62.8359
6.04	-62.8994
6.05	-62.8473
6.06	-62.9172
6.07	-62.8917
6.08	-63.1079
6.09	-62.9061
6.1	-62.9586
6.11	-62.922
6.12	-62.9986
6.13	-62.9847
6.14	-62.9465
6.15	-62.9553
6.16	-63.0289
6.17	-63.0681
6.18	-62.9829
6.19	-63.0159
6.2	-62.9792
6.21	-63.0708
6.22	-63.0145
6.23	-62.988
6.24	-63.0818
6.25	-63.0419
6.26	-63.1195
6.27	-62.975
6.28	-63.0622
6.29	-63.1281
6.3	-63.0421
6.31	-63.0602
6.32	-63.0399
6.33	-63.1042
6.34	-63.1502
6.35	-63.1089
6.36	-63.134
6.37	-63.1662
6.38	-63.1955
6.39	-63.1007
6.4	-63.1108
6.41	-63.1612
6.42	-63.1443
6.43	-63.1342
6.44	-63.2332
6.45	-63.1733
6.46	-63.2243
6.47	-63.1373
6.48	-63.1917
6.49	-63.2085
6.5	-63.1791
6.51	-63.0988
6.52	-63.1931
6.53	-63.1969
6.54	-63.2203
6.55	-63.2555
6.56	-63.2546
6.57	-63.2235
6.58	-63.3359
6.59	-63.2916
6.6	-63.185
6.61	-63.278
6.62	-63.3036
6.63	-63.2637
6.64	-63.2277
6.65	-63.2668
6.66	-63.2966
6.67	-63.3179
6.68	-63.3165
6.69	-63.3269
6.7	-63.3472
6.71	-63.225
6.72	-63.3073
6.73	-63.3426
6.74	-63.4043
6.75	-63.3137
6.76	-63.3844
6.77	-63.3558
6.78	-63.3869
6.79	-63.3832
6.8	-63.3136
6.81	-63.3676
6.82	-63.3617
6.83	-63.4337
6.84	-63.3712
6.85	-63.4013
6.86	-63.3874
6.87	-63.4039
6.88	-63.3527
6.89	-63.4973
6.9	-63.4016
6.91	-63.4466
6.92	-63.3646
6.93	-63.4726
6.94	-63.4497
6.95	-63.4224
6.96	-63.4417
6.97	-63.4438
6.98	-63.3798
6.99	-63.4219
7	-63.4488
7.01	-63.445
7.02	-63.3166
7.03	-63.495
7.04	-63.358
7.05	-63.4895
7.06	-63.4878
7.07	-63.5382
7.08	-63.502
7.09	-63.3846
7.1	-63.5699
7.11	-63.5908
7.12	-63.5555
7.13	-63.4634
7.14	-63.4594
7.15	-63.5992
7.16	-63.5366
7.17	-63.5869
7.18	-63.4471
7.19	-63.511
7.2	-63.524
7.21	-63.525
7.22	-63.5364
7.23	-63.4861
7.24	-63.592
7.25	-63.4862
7.26	-63.6531
7.27	-63.6531
7.28	-63.5212
7.29	-63.4879
7.3	-63.5966
7.31	-63.5915
7.32	-63.5712
7.33	-63.601
7.34	-63.6251
7.35	-63.5267
7.36	-63.5984
7.37	-63.6477
7.38	-63.5608
7.39	-63.6066
7.4	-63.5778
7.41	-63.5749
7.42	-63.7108
7.43	-63.6114
7.44	-63.5958
7.45	-63.6738
7.46	-63.582
7.47	-63.5851
7.48	-63.573
7.49	-63.6538
7.5	-63.6471
7.51	-63.6644
7.52	-63.6423
7.53	-63.6398
7.54	-63.6863
7.55	-63.6388
7.56	-63.6181
7.57	-63.6906
7.58	-63.7575
7.59	-63.7009
7.6	-63.639
7.61	-63.6219
7.62	-63.6641
7.63	-63.7199
7.64	-63.6629
7.65	-63.7674
7.66	-63.6556
7.67	-63.7374
7.68	-63.5814
7.69	-63.6592
7.7	-63.7146
7.71	-63.672
7.72	-63.6199
7.73	-63.6751
7.74	-63.7392
7.75	-63.7155
7.76	-63.7021
7.77	-63.7437
7.78	-63.667
7.79	-63.6495
7.8	-63.7096
7.81	-63.7833
7.82	-63.827
7.83	-63.7295
7.84	-63.6898
7.85	-63.724
7.86	-63.7467
7.87	-63.7744
7.88	-63.7279
7.89	-63.6979
7.9	-63.7517
7.91	-63.7384
7.92	-63.6613
7.93	-63.7654
7.94	-63.6762
7.95	-63.7351
7.96	-63.71
7.97	-63.7451
7.98	-63.7791
7.99	-63.8008
8	-63.7538
8.01	-63.7107
8.02	-63.7289
8.03	-63.7713
8.04	-63.8053
8.05	-63.7446
8.06	-63.8075
8.07	-63.7426
8.08	-63.7751
8.09	-63.8134
8.1	-63.7227
8.11	-63.8071
8.12	-63.7843
8.13	-63.8012
8.14	-63.7318
8.15	-63.8592
8.16	-63.8737
8.17	-63.8355
8.18	-63.7892
8.19	-63.7789
8.2	-63.8004
8.21	-63.7977
8.22	-63.8044
8.23	-63.7963
8.24	-63.7679
8.25	-63.8143
8.26	-63.8448
8.27	-63.7679
8.28	-63.8379
8.29	-63.8366
8.3	-63.7858
8.31	-63.8589
8.32	-63.8503
8.33	-63.8619
8.34	-63.829
8.35	-63.8034
8.36	-63.8739
8.37	-63.8659
8.38	-63.8518
8.39	-63.8128
8.4	-63.8096
8.41	-63.8411
8.42	-63.8941
8.43	-63.8575
8.44	-63.8489
8.45	-63.8379
8.46	-63.8224
8.47	-63.8398
8.48	-63.8804
8.49	-63.8249
8.5	-63.8764
8.51	-63.9011
8.52	-63.8347
8.53	-63.8416
8.54	-63.8753
8.55	-63.8689
8.56	-63.9003
8.57	-63.8596
8.58	-63.8962
8.59	-63.8953
8.6	-63.8843
8.61	-63.8515
8.62	-63.8411
8.63	-63.853
8.64	-63.8063
8.65	-63.8828
8.66	-63.9256
8.67	-63.9011
8.68	-63.9099
8.69	-63.872
8.7	-63.9204
8.71	-63.8487
8.72	-63.9003
8.73	-63.8765
8.74	-63.8712
8.75	-63.8798
8.76	-63.9043
8.77	-63.8811
8.78	-63.7804
8.79	-63.9223
8.8	-63.9095
8.81	-63.8711
8.82	-63.8709
8.83	-63.8353
8.84	-63.9032
8.85	-63.8451
8.86	-63.9029
8.87	-63.8991
8.88	-63.9147
8.89	-63.9332
8.9	-63.8924
8.91	-63.9263
8.92	-63.9144
8.93	-63.908
8.94	-63.9446
8.95	-63.9215
8.96	-63.9128
8.97	-63.9483
8.98	-63.9187
8.99	-63.9282
9	-63.9235
9.01	-63.9303
9.02	-63.8857
9.03	-63.9338
9.04	-63.8721
9.05	-63.9546
9.06	-63.8776
9.07	-63.9356
9.08	-63.9361
9.09	-63.9448
9.1	-63.9327
9.11	-63.8716
9.12	-63.8836
9.13	-63.8916
9.14	-63.8969
9.15	-63.8765
9.16	-63.9184
9.17	-63.9547
9.18	-63.9315
9.19	-63.8741
9.2	-63.8799
9.21	-63.8982
9.22	-63.9114
9.23	-63.8465
9.24	-63.9366
9.25	-63.8842
9.26	-63.8877
9.27	-63.9436
9.28	-63.9674
9.29	-63.9198
9.3	-63.9475
9.31	-63.919
9.32	-63.9839
9.33	-63.9635
9.34	-63.9212
9.35	-63.9048
9.36	-63.9631
9.37	-63.9368
9.38	-63.9546
9.39	-63.9349
9.4	-63.9308
9.41	-63.948
9.42	-63.9483
9.43	-63.9083
9.44	-63.9481
9.45	-63.9486
9.46	-63.9338
9.47	-63.889
9.48	-63.9664
9.49	-63.9718
9.5	-63.9169
9.51	-63.9566
9.52	-63.9629
9.53	-63.9773
9.54	-63.9211
9.55	-63.9512
9.56	-63.9722
9.57	-63.9656
9.58	-63.9415
9.59	-63.9349
9.6	-63.9542
9.61	-63.9578
9.62	-63.9014
9.63	-63.9318
9.64	-63.9711
9.65	-63.9664
9.66	-63.9515
9.67	-63.9455
9.68	-63.9438
9.69	-63.9222
9.7	-63.9842
9.71	-63.9656
9.72	-63.9763
9.73	-63.9489
9.74	-63.9378
9.75	-63.9653
9.76	-63.9545
9.77	-63.9156
9.78	-63.952
9.79	-63.9442
9.8	-63.9611
9.81	-63.9675
9.82	-63.9546
9.83	-63.9609
9.84	-63.9498
9.85	-63.9851
9.86	-63.9222
9.87	-63.9858
9.88	-63.9729
9.89	-63.9368
9.9	-63.9921
9.91	-63.9669
9.92	-63.9711
9.93	-63.9836
9.94	-63.9859
9.95	-63.9565
9.96	-63.9755
9.97	-63.9723
9.98	-63.935
9.99	-63.9848
10	-63.9851
10.01	-63.9644
10.02	-63.9871
10.03	-63.9697
10.04	-63.946
10.05	-63.9752
10.06	-63.9567
10.07	-63.9614
10.08	-63.9769
10.09	-63.9656
10.1	-63.9645
10.11	-63.9739
10.12	-63.9833
10.13	-63.9823
10.14	-63.9585
10.15	-63.986
10.16	-63.9816
10.17	-63.9747
10.18	-63.983
10.19	-63.9624
10.2	-63.9793
10.21	-63.9803
10.22	-63.9873
10.23	-63.979
10.24	-63.9633
10.25	-63.9823
10.26	-63.9776
10.27	-63.9752
10.28	-63.9508
10.29	-63.9922
10.3	-63.9954
10.31	-63.9655
10.32	-63.9888
10.33	-63.9847
10.34	-63.9889
10.35	-63.9633
10.36	-63.9823
10.37	-63.9735
10.38	-63.9832
10.39	-63.9883
10.4	-63.9486
10.41	-63.9465
10.42	-63.9913
10.43	-63.9564
10.44	-63.9721
10.45	-63.9743
10.46	-63.9903
10.47	-63.9679
10.48	-63.9701
10.49	-63.9874
10.5	-63.9911
10.51	-63.9969
10.52	-63.9823
10.53	-63.9715
10.54	-63.9935
10.55	-63.9915
10.56	-63.9915
10.57	-63.9804
10.58	-63.9833
10.59	-63.9443
10.6	-63.9897
10.61	-63.9744
10.62	-63.9636
10.63	-63.9742
10.64	-63.9902
10.65	-63.9757
10.66	-63.9799
10.67	-63.9785
10.68	-63.9944
10.69	-63.9888
10.7	-63.9755
10.71	-63.9943
10.72	-63.9758
10.73	-63.9906
10.74	-63.9536
10.75	-63.9904
10.76	-63.9943
10.77	-63.957
10.78	-63.9444
10.79	-63.9704
10.8	-63.9787
10.81	-63.9962
10.82	-63.9873
10.83	-63.9886
10.84	-63.9971
10.85	-63.9979
10.86	-63.9858
10.87	-63.9914
10.88	-63.9744
10.89	-63.9676
10.9	-63.9924
10.91	-63.975
10.92	-63.9914
10.93	-63.9938
10.94	-63.9794
10.95	-63.9823
10.96	-63.9884
10.97	-63.9888
10.98	-63.9927
10.99	-63.9647
11	-63.9961
11.01	-63.9977
11.02	-63.99
11.03	-63.9952
11.04	-63.9937
11.05	-63.9863
11.06	-63.9932
11.07	-63.9885
11.08	-63.9906
11.09	-63.9929
11.1	-63.9964
11.11	-63.9976
11.12	-63.9969
11.13	-63.9955
11.14	-63.992
11.15	-63.9916
11.16	-63.9897
11.17	-63.9987
11.18	-63.9552
11.19	-63.9821
11.2	-63.9836
11.21	-63.974
11.22	-63.9977
11.23	-63.9962
11.24	-63.9961
11.25	-63.9991
11.26	-63.9992
11.27	-63.9989
11.28	-63.9983
11.29	-63.9913
11.3	-63.99
11.31	-63.9905
11.32	-63.9981
11.33	-63.9985
11.34	-63.9985
11.35	-63.9951
11.36	-63.9793
11.37	-63.9915
11.38	-63.9988
11.39	-63.9883
11.4	-63.9977
11.41	-63.997
11.42	-63.9744
11.43	-63.9799
11.44	-63.996
11.45	-63.9919
11.46	-63.9911
11.47	-63.9976
11.48	-63.9955
11.49	-63.9953
11.5	-63.9974
11.51	-63.9963
11.52	-63.9921
11.53	-63.9658
11.54	-63.9836
11.55	-63.9979
11.56	-63.9893
11.57	-63.9957
11.58	-63.9943
11.59	-63.999
11.6	-63.9981
11.61	-63.9997
11.62	-63.9988
11.63	-63.9839
11.64	-63.9901
11.65	-63.9777
11.66	-63.9882
11.67	-63.9985
11.68	-63.9998
11.69	-63.9989
11.7	-63.9984
11.71	-63.9981
11.72	-63.9991
11.73	-63.9985
11.74	-63.9981
11.75	-63.9762
11.76	-63.9807
11.77	-63.9927
11.78	-63.9992
11.79	-63.9994
11.8	-63.9996
11.81	-63.9973
11.82	-63.9986
11.83	-63.9949
11.84	-63.9817
11.85	-63.9995
11.86	-63.9983
11.87	-63.9978
11.88	-63.9999
11.89	-63.9969
11.9	-63.9984
11.91	-63.9972
11.92	-63.9914
11.93	-63.9982
11.94	-63.989
11.95	-63.9978
11.96	-63.9995
11.97	-63.9952
11.98	-63.9974
11.99	-63.9768
12	-63.9902
12.01	-63.9969
12.02	-63.9963
12.03	-63.9988
12.04	-63.9998
12.05	-63.999
12.06	-63.9985
12.07	-64
12.08	-63.9924
12.09	-63.999
12.1	-63.9993
12.11	-63.9954
12.12	-63.9959
12.13	-63.9997
12.14	-63.996
12.15	-63.9965
12.16	-63.9925
12.17	-63.999
12.18	-63.9998
12.19	-64
12.2	-63.9995
12.21	-63.998
12.22	-63.9992
12.23	-64
12.24	-63.9985
12.25	-63.9944
12.26	-63.9969
12.27	-63.9997
12.28	-63.999
12.29	-63.9995
12.3	-63.9983
12.31	-63.9997
12.32	-63.9996
12.33	-63.993
12.34	-63.9994
12.35	-63.9985
12.36	-63.9995
12.37	-63.9998
12.38	-63.9991
12.39	-63.9996
12.4	-63.9998
12.41	-63.9979
12.42	-63.9978
12.43	-63.9986
12.44	-63.9979
12.45	-63.9992
12.46	-63.9838
12.47	-63.9993
12.48	-63.9997
12.49	-63.9987
12.5	-63.9988
12.51	-63.9985
12.52	-63.9967
12.53	-63.9999
12.54	-63.9994
12.55	-64
12.56	-63.9987
12.57	-63.9965
12.58	-63.9997
12.59	-63.984
12.6	-63.9999
12.61	-64
12.62	-63.9995
12.63	-63.99
12.64	-63.9999
12.65	-63.9997
12.66	-63.9981
12.67	-63.9993
12.68	-63.997
12.69	-63.9996
12.7	-63.9999
12.71	-63.9997
12.72	-63.9993
12.73	-63.9999
12.74	-63.9996
12.75	-63.9994
12.76	-63.9999
12.77	-63.9996
12.78	-63.9999
12.79	-63.9961
12.8	-63.9996
12.81	-63.9897
12.82	-63.9998
12.83	-63.9997
12.84	-63.9994
12.85	-63.9986
12.86	-63.9976
12.87	-63.9996
12.88	-64
12.89	-63.9994
12.9	-63.9995
12.91	-63.9987
12.92	-63.9998
12.93	-63.9999
12.94	-63.9998
12.95	-63.9998
12.96	-63.9833
12.97	-64
12.98	-63.9994
12.99	-63.995
13	-63.9997
13.01	-63.9999
13.02	-63.9933
13.03	-64
13.04	-63.9912
13.05	-63.9998
13.06	-63.9981
13.07	-63.9926
13.08	-63.9977
13.09	-63.9927
13.1	-63.9991
13.11	-64
13.12	-63.9998
13.13	-63.9997
13.14	-63.9997
13.15	-63.9982
13.16	-63.9999
13.17	-63.9999
13.18	-63.9997
13.19	-63.994
13.2	-63.9984
13.21	-64
13.22	-63.9999
13.23	-63.9993
13.24	-63.9998
13.25	-64
13.26	-63.9998
13.27	-64
13.28	-63.9998
13.29	-63.9991
13.3	-64
13.31	-63.9999
13.32	-63.9997
13.33	-63.9903
13.34	-63.9982
13.35	-63.9998
13.36	-64
13.37	-63.9943
13.38	-63.9991
13.39	-63.9997
13.4	-64
13.41	-64
13.42	-63.9992
13.43	-64
13.44	-63.9993
13.45	-63.9999
13.46	-63.9998
13.47	-64
13.48	-63.9996
13.49	-64
13.5	-63.9998
13.51	-63.9999
13.52	-64
13.53	-64
13.54	-63.9997
13.55	-63.9997
13.56	-64
13.57	-63.9999
13.58	-64
13.59	-63.9999
13.6	-63.9989
13.61	-63.9991
13.62	-64
13.63	-63.9999
13.64	-63.9994
13.65	-63.9997
13.66	-63.9997
13.67	-64
13.68	-63.9998
13.69	-63.9998
13.7	-63.9998
13.71	-64
13.72	-63.9999
13.73	-64
13.74	-64
13.75	-64
13.76	-63.9994
13.77	-64
13.78	-63.9999
13.79	-63.9909
13.8	-64
13.81	-64
13.82	-63.9999
13.83	-63.9999
13.84	-64
13.85	-64
13.86	-64
13.87	-63.9985
13.88	-63.9995
13.89	-64
13.9	-64
13.91	-64
13.92	-64
13.93	-63.9997
13.94	-64
13.95	-64
13.96	-64
13.97	-63.9997
13.98	-64
13.99	-64
14	-64
14.01	-63.9999
14.02	-64
14.03	-64
14.04	-63.9996
14.05	-64
14.06	-63.9997
14.07	-63.9986
14.08	-64
14.09	-63.9999
14.1	-63.9995
14.11	-64
14.12	-64
14.13	-64
14.14	-63.9999
14.15	-64
14.16	-64
14.17	-63.9927
14.18	-63.9988
14.19	-64
14.2	-64
14.21	-64
14.22	-63.9992
14.23	-64
14.24	-64
14.25	-63.9994
14.26	-64
14.27	-63.9999
14.28	-64
14.29	-64
14.3	-64
14.31	-64
14.32	-64
14.33	-63.9991
14.34	-64
14.35	-64
14.36	-64
14.37	-64
14.38	-64
14.39	-64
14.4	-63.9999
14.41	-63.9995
14.42	-63.9949
14.43	-63.9989
14.44	-64
14.45	-63.9998
14.46	-63.9998
14.47	-63.9996
14.48	-63.9984
14.49	-64
14.5	-64
14.51	-63.9999
14.52	-63.9998
14.53	-64
14.54	-64
14.55	-63.9953
14.56	-63.9998
14.57	-64
14.58	-64
14.59	-64
14.6	-64
14.61	-64
14.62	-63.9989
14.63	-63.9999
14.64	-64
14.65	-64
14.66	-64
14.67	-64
14.68	-64
14.69	-63.9999
14.7	-64
14.71	-64
14.72	-64
14.73	-64
14.74	-63.9998
14.75	-64
14.76	-63.9998
14.77	-64
14.78	-64
14.79	-64
14.8	-63.9999
14.81	-64
14.82	-64
14.83	-64
14.84	-64
14.85	-64
14.86	-64
14.87	-64
14.88	-63.9999
14.89	-63.9958
14.9	-63.9999
14.91	-64
14.92	-64
14.93	-64
14.94	-64
14.95	-64
14.96	-64
14.97	-64
14.98	-64
14.99	-64
15	-63.9998
15.01	-64
15.02	-64
15.03	-64
15.04	-64
15.05	-63.9998
15.06	-64
15.07	-64
15.08	-64
15.09	-64
15.1	-64
15.11	-64
15.12	-64
15.13	-64
15.14	-63.9999
15.15	-63.9931
15.16	-63.9998
15.17	-64
15.18	-63.9734
15.19	-64
15.2	-63.9999
15.21	-63.9998
15.22	-64
15.23	-64
15.24	-63.9998
15.25	-64
15.26	-64
15.27	-64
15.28	-64
15.29	-64
15.3	-63.9999
15.31	-64
15.32	-64
15.33	-64
15.34	-63.9999
15.35	-63.9999
15.36	-64
15.37	-64
15.38	-64
15.39	-64
15.4	-64
15.41	-64
15.42	-64
15.43	-64
15.44	-64
15.45	-64
15.46	-64
15.47	-64
15.48	-63.9999
15.49	-64
15.5	-64
15.51	-64
15.52	-64
15.53	-64
15.54	-63.9987
15.55	-63.9999
15.56	-64
15.57	-64
15.58	-64
15.59	-64
15.6	-64
15.61	-64
15.62	-64
15.63	-63.9995
15.64	-64
15.65	-64
15.66	-64
15.67	-63.9998
15.68	-64
15.69	-64
15.7	-64
15.71	-64
15.72	-64
15.73	-64
15.74	-64
15.75	-64
15.76	-64
15.77	-64
15.78	-64
15.79	-64
15.8	-64
15.81	-63.9996
15.82	-64
15.83	-64
15.84	-64
15.85	-64
15.86	-63.9994
15.87	-64
15.88	-64
15.89	-64
15.9	-64
15.91	-64
15.92	-64
15.93	-64
15.94	-64
15.95	-64
15.96	-64
15.97	-63.9998
15.98	-64
15.99	-64
16	-64
16.01	-64
16.02	-64
16.03	-64
16.04	-64
16.05	-64
16.06	-64
16.07	-64
16.08	-64
16.09	-64
16.1	-64
16.11	-64
16.12	-64
16.13	-64
16.14	-64
16.15	-64
16.16	-64
16.17	-64
16.18	-64
16.19	-64
16.2	-64
16.21	-64
16.22	-64
16.23	-64
16.24	-64
16.25	-64
16.26	-64
16.27	-64
16.28	-64
16.29	-64
16.3	-64
16.31	-64
16.32	-64
16.33	-64
16.34	-64
16.35	-64
16.36	-64
16.37	-64
16.38	-64
16.39	-64
16.4	-64
16.41	-64
16.42	-64
16.43	-64
16.44	-64
16.45	-64
16.46	-64
16.47	-64
16.48	-64
16.49	-64
16.5	-64
16.51	-64
16.52	-64
16.53	-64
16.54	-63.9996
16.55	-63.9892
16.56	-64
16.57	-64
16.58	-64
16.59	-64
16.6	-64
16.61	-64
16.62	-64
16.63	-64
16.64	-64
16.65	-64
16.66	-64
16.67	-64
16.68	-64
16.69	-64
16.7	-63.9999
16.71	-64
16.72	-64
16.73	-64
16.74	-64
16.75	-64
16.76	-64
16.77	-64
16.78	-64
16.79	-64
16.8	-64
16.81	-64
16.82	-64
16.83	-64
16.84	-64
16.85	-64
16.86	-64
16.87	-64
16.88	-64
16.89	-64
16.9	-64
16.91	-64
16.92	-64
16.93	-64
16.94	-64
16.95	-64
16.96	-64
16.97	-64
16.98	-64
16.99	-64
17	-64
17.01	-64
17.02	-64
17.03	-64
17.04	-64
17.05	-64
17.06	-64
17.07	-64
17.08	-64
17.09	-64
17.1	-64
17.11	-64
17.12	-64
17.13	-64
17.14	-64
17.15	-64
17.16	-64
17.17	-64
17.18	-64
17.19	-64
17.2	-64
17.21	-64
17.22	-64
17.23	-64
17.24	-64
17.25	-64
17.26	-64
17.27	-64
17.28	-64
17.29	-64
17.3	-64
17.31	-64
17.32	-64
17.33	-64
17.34	-64
17.35	-64
17.36	-64
17.37	-64
17.38	-64
17.39	-64
17.4	-64
17.41	-64
17.42	-64
17.43	-64
17.44	-64
17.45	-64
17.46	-64
17.47	-64
17.48	-64
17.49	-64
17.5	-64
17.51	-64
17.52	-63.9996
17.53	-64
17.54	-64
17.55	-64
17.56	-64
17.57	-64
17.58	-64
17.59	-64
17.6	-64
17.61	-64
17.62	-64
17.63	-64
17.64	-64
17.65	-64
17.66	-64
17.67	-64
17.68	-64
17.69	-64
17.7	-64
17.71	-64
17.72	-64
17.73	-64
17.74	-64
17.75	-64
17.76	-64
17.77	-64
17.78	-64
17.79	-64
17.8	-64
17.81	-64
17.82	-64
17.83	-64
17.84	-64
17.85	-64
17.86	-64
17.87	-64
17.88	-64
17.89	-64
17.9	-64
17.91	-64
17.92	-64
17.93	-64
17.94	-64
17.95	-64
17.96	-64
17.97	-64
17.98	-64
17.99	-64
18	-64
18.01	-64
18.02	-64
18.03	-64
18.04	-64
18.05	-64
18.06	-64
18.07	-64
18.08	-64
18.09	-64
18.1	-64
18.11	-64
18.12	-64
18.13	-64
18.14	-64
18.15	-64
18.16	-64
18.17	-64
18.18	-64
18.19	-64
18.2	-64
18.21	-64
18.22	-64
18.23	-64
18.24	-64
18.25	-64
18.26	-64
18.27	-64
18.28	-64
18.29	-64
18.3	-64
18.31	-64
18.32	-64
18.33	-64
18.34	-64
18.35	-64
18.36	-64
18.37	-64
18.38	-64
18.39	-64
18.4	-64
18.41	-64
18.42	-64
18.43	-64
18.44	-64
18.45	-64
18.46	-64
18.47	-64
18.48	-64
18.49	-64
18.5	-64
18.51	-64
18.52	-64
18.53	-64
18.54	-64
18.55	-64
18.56	-64
18.57	-64
18.58	-64
18.59	-64
18.6	-64
18.61	-64
18.62	-64
18.63	-64
18.64	-64
18.65	-64
18.66	-64
18.67	-64
18.68	-64
18.69	-64
18.7	-64
18.71	-64
18.72	-64
18.73	-64
18.74	-64
18.75	-64
18.76	-64
18.77	-64
18.78	-64
18.79	-64
18.8	-64
18.81	-64
18.82	-64
18.83	-64
18.84	-64
18.85	-64
18.86	-64
18.87	-64
18.88	-64
18.89	-64
18.9	-64
18.91	-64
18.92	-64
18.93	-64
18.94	-64
18.95	-64
18.96	-64
18.97	-64
18.98	-64
18.99	-64
19	-64
19.01	-64
19.02	-64
19.03	-64
19.04	-64
19.05	-64
19.06	-64
19.07	-64
19.08	-64
19.09	-64
19.1	-64
19.11	-64
19.12	-64
19.13	-64
19.14	-64
19.15	-64
19.16	-64
19.17	-64
19.18	-64
19.19	-64
19.2	-64
19.21	-64
19.22	-64
19.23	-64
19.24	-64
19.25	-64
19.26	-64
19.27	-64
19.28	-64
19.29	-64
19.3	-64
19.31	-64
19.32	-64
19.33	-64
19.34	-64
19.35	-64
19.36	-64
19.37	-64
19.38	-64
19.39	-64
19.4	-64
19.41	-64
19.42	-64
19.43	-64
19.44	-64
19.45	-64
19.46	-64
19.47	-64
19.48	-64
19.49	-64
19.5	-64
19.51	-64
19.52	-64
19.53	-64
19.54	-64
19.55	-64
19.56	-64
19.57	-64
19.58	-64
19.59	-64
19.6	-64
19.61	-64
19.62	-64
19.63	-64
19.64	-64
19.65	-64
19.66	-64
19.67	-64
19.68	-64
19.69	-64
19.7	-64
19.71	-64
19.72	-64
19.73	-64
19.74	-64
19.75	-64
19.76	-64
19.77	-64
19.78	-64
19.79	-64
19.8	-64
19.81	-64
19.82	-64
19.83	-64
19.84	-64
19.85	-64
19.86	-64
19.87	-64
19.88	-64
19.89	-64
19.9	-64
19.91	-64
19.92	-64
19.93	-64
19.94	-64
19.95	-64
19.96	-64
19.97	-64
19.98	-64
19.99	-64
20	-64
20.01	-64
20.02	-64
20.03	-64
20.04	-64
20.05	-64
20.06	-64
20.07	-64
20.08	-64
20.09	-64
20.1	-64
20.11	-64
20.12	-64
20.13	-64
20.14	-64
20.15	-64
20.16	-64
20.17	-64
20.18	-64
20.19	-64
20.2	-64
20.21	-64
20.22	-64
20.23	-64
20.24	-64
20.25	-64
20.26	-64
20.27	-64
20.28	-64
20.29	-64
20.3	-64
20.31	-64
20.32	-64
20.33	-64
20.34	-64
20.35	-64
20.36	-64
20.37	-64
20.38	-64
20.39	-64
20.4	-64
20.41	-64
20.42	-64
20.43	-64
20.44	-64
20.45	-64
20.46	-64
20.47	-64
20.48	-64
20.49	-64
20.5	-64
20.51	-64
20.52	-64
20.53	-64
20.54	-64
20.55	-64
20.56	-64
20.57	-64
20.58	-64
20.59	-64
20.6	-64
20.61	-64
20.62	-64
20.63	-64
20.64	-64
20.65	-64
20.66	-64
20.67	-64
20.68	-64
20.69	-64
20.7	-64
20.71	-64
20.72	-64
20.73	-64
20.74	-64
20.75	-64
20.76	-64
20.77	-64
20.78	-64
20.79	-64
20.8	-64
20.81	-64
20.82	-64
20.83	-64
20.84	-64
20.85	-64
20.86	-64
20.87	-64
20.88	-64
20.89	-64
20.9	-64
20.91	-64
20.92	-64
20.93	-64
20.94	-64
20.95	-64
20.96	-64
20.97	-64
20.98	-64
20.99	-64
21	-64
21.01	-64
21.02	-64
21.03	-64
21.04	-64
21.05	-64
21.06	-64
21.07	-64
21.08	-64
21.09	-64
21.1	-64
21.11	-64
21.12	-64
21.13	-64
21.14	-64
21.15	-64
21.16	-64
21.17	-64
21.18	-64
21.19	-64
21.2	-64
21.21	-64
21.22	-64
21.23	-64
21.24	-64
21.25	-64
21.26	-64
21.27	-64
21.28	-64
21.29	-64
21.3	-64
21.31	-64
21.32	-64
21.33	-64
21.34	-64
21.35	-64
21.36	-64
21.37	-64
21.38	-64
21.39	-64
21.4	-64
21.41	-64
21.42	-64
21.43	-64
21.44	-64
21.45	-64
21.46	-64
21.47	-64
21.48	-64
21.49	-64
21.5	-64
21.51	-64
21.52	-64
21.53	-64
21.54	-64
21.55	-64
21.56	-64
21.57	-64
21.58	-64
21.59	-64
21.6	-64
21.61	-64
21.62	-64
21.63	-64
21.64	-64
21.65	-64
21.66	-64
21.67	-64
21.68	-64
21.69	-64
21.7	-64
21.71	-64
21.72	-64
21.73	-64
21.74	-64
21.75	-64
21.76	-64
21.77	-64
21.78	-64
21.79	-64
21.8	-64
21.81	-64
21.82	-64
21.83	-64
21.84	-64
21.85	-64
21.86	-64
21.87	-64
21.88	-64
21.89	-64
21.9	-64
21.91	-64
21.92	-64
21.93	-64
21.94	-64
21.95	-64
21.96	-64
21.97	-64
21.98	-64
21.99	-64
22	-64
22.01	-64
22.02	-64
22.03	-64
22.04	-64
22.05	-64
22.06	-64
22.07	-64
22.08	-64
22.09	-64
22.1	-64
22.11	-64
22.12	-64
22.13	-64
22.14	-64
22.15	-64
22.16	-64
22.17	-64
22.18	-64
22.19	-64
22.2	-64
22.21	-64
22.22	-64
22.23	-64
22.24	-64
22.25	-64
22.26	-64
22.27	-64
22.28	-64
22.29	-64
22.3	-64
22.31	-64
22.32	-64
22.33	-64
22.34	-64
22.35	-64
22.36	-64
22.37	-64
22.38	-64
22.39	-64
22.4	-64
22.41	-64
22.42	-64
22.43	-64
22.44	-64
22.45	-64
22.46	-64
22.47	-64
22.48	-64
22.49	-64
22.5	-64
22.51	-64
22.52	-64
22.53	-64
22.54	-64
22.55	-64
22.56	-64
22.57	-64
22.58	-64
22.59	-64
22.6	-64
22.61	-64
22.62	-64
22.63	-64
22.64	-64
22.65	-64
22.66	-64
22.67	-64
22.68	-64
22.69	-64
22.7	-64
22.71	-64
22.72	-64
22.73	-64
22.74	-64
22.75	-64
22.76	-64
22.77	-64
22.78	-64
22.79	-64
22.8	-64
22.81	-64
22.82	-64
22.83	-64
22.84	-64
22.85	-64
22.86	-64
22.87	-64
22.88	-64
22.89	-64
22.9	-64
22.91	-64
22.92	-64
22.93	-64
22.94	-64
22.95	-64
22.96	-64
22.97	-64
22.98	-64
22.99	-64
23	-64
23.01	-64
23.02	-64
23.03	-64
23.04	-64
23.05	-64
23.06	-64
23.07	-64
23.08	-64
23.09	-64
23.1	-64
23.11	-64
23.12	-64
23.13	-64
23.14	-64
23.15	-64
23.16	-64
23.17	-64
23.18	-64
23.19	-64
23.2	-64
23.21	-64
23.22	-64
23.23	-64
23.24	-64
23.25	-64
23.26	-64
23.27	-64
23.28	-64
23.29	-64
23.3	-64
23.31	-64
23.32	-64
23.33	-64
23.34	-64
23.35	-64
23.36	-64
23.37	-64
23.38	-64
23.39	-64
23.4	-64
23.41	-64
23.42	-64
23.43	-64
23.44	-64
23.45	-64
23.46	-64
23.47	-64
23.48	-64
23.49	-64
23.5	-64
23.51	-64
23.52	-64
23.53	-64
23.54	-64
23.55	-64
23.56	-64
23.57	-64
23.58	-64
23.59	-64
23.6	-64
23.61	-64
23.62	-64
23.63	-64
23.64	-64
23.65	-64
23.66	-64
23.67	-64
23.68	-64
23.69	-64
23.7	-64
23.71	-64
23.72	-64
23.73	-64
23.74	-64
23.75	-64
23.76	-64
23.77	-64
23.78	-64
23.79	-64
23.8	-64
23.81	-64
23.82	-64
23.83	-64
23.84	-64
23.85	-64
23.86	-64
23.87	-64
23.88	-64
23.89	-64
23.9	-64
23.91	-64
23.92	-64
23.93	-64
23.94	-64
23.95	-64
23.96	-64
23.97	-64
23.98	-64
23.99	-64
24	-64
24.01	-64
24.02	-64
24.03	-64
24.04	-64
24.05	-64
24.06	-64
24.07	-64
24.08	-64
24.09	-64
24.1	-64
24.11	-64
24.12	-64
24.13	-64
24.14	-64
24.15	-64
24.16	-64
24.17	-64
24.18	-64
24.19	-64
24.2	-64
24.21	-64
24.22	-64
24.23	-64
24.24	-64
24.25	-64
24.26	-64
24.27	-64
24.28	-64
24.29	-64
24.3	-64
24.31	-64
24.32	-64
24.33	-64
24.34	-64
24.35	-64
24.36	-64
24.37	-64
24.38	-64
24.39	-64
24.4	-64
24.41	-64
24.42	-64
24.43	-64
24.44	-64
24.45	-64
24.46	-64
24.47	-64
24.48	-64
24.49	-64
24.5	-64
24.51	-64
24.52	-64
24.53	-64
24.54	-64
24.55	-64
24.56	-64
24.57	-64
24.58	-64
24.59	-64
24.6	-64
24.61	-64
24.62	-64
24.63	-64
24.64	-64
24.65	-64
24.66	-64
24.67	-64
24.68	-64
24.69	-64
24.7	-64
24.71	-64
24.72	-64
24.73	-64
24.74	-64
24.75	-64
24.76	-64
24.77	-64
24.78	-64
24.79	-64
24.8	-64
24.81	-64
24.82	-64
24.83	-64
24.84	-64
24.85	-64
24.86	-64
24.87	-64
24.88	-64
24.89	-64
24.9	-64
24.91	-64
24.92	-64
24.93	-64
24.94	-64
24.95	-64
24.96	-64
24.97	-64
24.98	-64
24.99	-64
25	-64
25.01	-64
25.02	-64
25.03	-64
25.04	-64
25.05	-64
25.06	-64
25.07	-64
25.08	-64
25.09	-64
25.1	-64
25.11	-64
25.12	-64
25.13	-64
25.14	-64
25.15	-64
25.16	-64
25.17	-64
25.18	-64
25.19	-64
25.2	-64
25.21	-64
25.22	-64
25.23	-64
25.24	-64
25.25	-64
25.26	-64
25.27	-64
25.28	-64
25.29	-64
25.3	-64
25.31	-64
25.32	-64
25.33	-64
25.34	-64
25.35	-64
25.36	-64
25.37	-64
25.38	-64
25.39	-64
25.4	-64
25.41	-64
25.42	-64
25.43	-64
25.44	-64
25.45	-64
25.46	-64
25.47	-64
25.48	-64
25.49	-64
25.5	-64
25.51	-64
25.52	-64
25.53	-64
25.54	-64
25.55	-64
25.56	-64
25.57	-64
25.58	-64
25.59	-64
25.6	-64
25.61	-64
25.62	-64
25.63	-64
25.64	-64
25.65	-64
25.66	-64
25.67	-64
25.68	-64
25.69	-64
25.7	-64
25.71	-64
25.72	-64
25.73	-64
25.74	-64
25.75	-64
25.76	-64
25.77	-64
25.78	-64
25.79	-64
25.8	-64
25.81	-64
25.82	-64
25.83	-64
25.84	-64
25.85	-64
25.86	-64
25.87	-64
25.88	-64
25.89	-64
25.9	-64
25.91	-64
25.92	-64
25.93	-64
25.94	-64
25.95	-64
25.96	-64
25.97	-64
25.98	-64
25.99	-64
26	-64
26.01	-64
26.02	-64
26.03	-64
26.04	-64
26.05	-64
26.06	-64
26.07	-64
26.08	-64
26.09	-64
26.1	-64
26.11	-64
26.12	-64
26.13	-64
26.14	-64
26.15	-64
26.16	-64
26.17	-64
26.18	-64
26.19	-64
26.2	-64
26.21	-64
26.22	-64
26.23	-64
26.24	-64
26.25	-64
26.26	-64
26.27	-64
26.28	-64
26.29	-64
26.3	-64
26.31	-64
26.32	-64
26.33	-64
26.34	-64
26.35	-64
26.36	-64
26.37	-64
26.38	-64
26.39	-64
26.4	-64
26.41	-64
26.42	-64
26.43	-64
26.44	-64
26.45	-64
26.46	-64
26.47	-64
26.48	-64
26.49	-64
26.5	-64
26.51	-64
26.52	-64
26.53	-64
26.54	-64
26.55	-64
26.56	-64
26.57	-64
26.58	-64
26.59	-64
26.6	-64
26.61	-64
26.62	-64
26.63	-64
26.64	-64
26.65	-64
26.66	-64
26.67	-64
26.68	-64
26.69	-64
26.7	-64
26.71	-64
26.72	-64
26.73	-64
26.74	-64
26.75	-64
26.76	-64
26.77	-64
26.78	-64
26.79	-64
26.8	-64
26.81	-64
26.82	-64
26.83	-64
26.84	-64
26.85	-64
26.86	-64
26.87	-64
26.88	-64
26.89	-64
26.9	-64
26.91	-64
26.92	-64
26.93	-64
26.94	-64
26.95	-64
26.96	-64
26.97	-64
26.98	-64
26.99	-64
27	-64
27.01	-64
27.02	-64
27.03	-64
27.04	-64
27.05	-64
27.06	-64
27.07	-64
27.08	-64
27.09	-64
27.1	-64
27.11	-64
27.12	-64
27.13	-64
27.14	-64
27.15	-64
27.16	-64
27.17	-64
27.18	-64
27.19	-64
27.2	-64
27.21	-64
27.22	-64
27.23	-64
27.24	-64
27.25	-64
27.26	-64
27.27	-64
27.28	-64
27.29	-64
27.3	-64
27.31	-64
27.32	-64
27.33	-64
27.34	-64
27.35	-64
27.36	-64
27.37	-64
27.38	-64
27.39	-64
27.4	-64
27.41	-64
27.42	-64
27.43	-64
27.44	-64
27.45	-64
27.46	-64
27.47	-64
27.48	-64
27.49	-64
27.5	-64
27.51	-64
27.52	-64
27.53	-64
27.54	-64
27.55	-64
27.56	-64
27.57	-64
27.58	-64
27.59	-64
27.6	-64
27.61	-64
27.62	-64
27.63	-64
27.64	-64
27.65	-64
27.66	-64
27.67	-64
27.68	-64
27.69	-64
27.7	-64
27.71	-64
27.72	-64
27.73	-64
27.74	-64
27.75	-64
27.76	-64
27.77	-64
27.78	-64
27.79	-64
27.8	-64
27.81	-64
27.82	-64
27.83	-64
27.84	-64
27.85	-64
27.86	-64
27.87	-64
27.88	-64
27.89	-64
27.9	-64
27.91	-64
27.92	-64
27.93	-64
27.94	-64
27.95	-64
27.96	-64
27.97	-64
27.98	-64
27.99	-64
28	-64
28.01	-64
28.02	-64
28.03	-64
28.04	-64
28.05	-64
28.06	-64
28.07	-64
28.08	-64
28.09	-64
28.1	-64
28.11	-64
28.12	-64
28.13	-64
28.14	-64
28.15	-64
28.16	-64
28.17	-64
28.18	-64
28.19	-64
28.2	-64
28.21	-64
28.22	-64
28.23	-64
28.24	-64
28.25	-64
28.26	-64
28.27	-64
28.28	-64
28.29	-64
28.3	-64
28.31	-64
28.32	-64
28.33	-64
28.34	-64
28.35	-64
28.36	-64
28.37	-64
28.38	-64
28.39	-64
28.4	-64
28.41	-64
28.42	-64
28.43	-64
28.44	-64
28.45	-64
28.46	-64
28.47	-64
28.48	-64
28.49	-64
28.5	-64
28.51	-64
28.52	-64
28.53	-64
28.54	-64
28.55	-64
28.56	-64
28.57	-64
28.58	-64
28.59	-64
28.6	-64
28.61	-64
28.62	-64
28.63	-64
28.64	-64
28.65	-64
28.66	-64
28.67	-64
28.68	-64
28.69	-64
28.7	-64
28.71	-64
28.72	-64
28.73	-64
28.74	-64
28.75	-64
28.76	-64
28.77	-64
28.78	-64
28.79	-64
28.8	-64
28.81	-64
28.82	-64
28.83	-64
28.84	-64
28.85	-64
28.86	-64
28.87	-64
28.88	-64
28.89	-64
28.9	-64
28.91	-64
28.92	-64
28.93	-64
28.94	-64
28.95	-64
28.96	-64
28.97	-64
28.98	-64
28.99	-64
29	-64
29.01	-64
29.02	-64
29.03	-64
29.04	-64
29.05	-64
29.06	-64
29.07	-64
29.08	-64
29.09	-64
29.1	-64
29.11	-64
29.12	-64
29.13	-64
29.14	-64
29.15	-64
29.16	-64
29.17	-64
29.18	-64
29.19	-64
29.2	-64
29.21	-64
29.22	-64
29.23	-64
29.24	-64
29.25	-64
29.26	-64
29.27	-64
29.28	-64
29.29	-64
29.3	-64
29.31	-64
29.32	-64
29.33	-64
29.34	-64
29.35	-64
29.36	-64
29.37	-64
29.38	-64
29.39	-64
29.4	-64
29.41	-64
29.42	-64
29.43	-64
29.44	-64
29.45	-64
29.46	-64
29.47	-64
29.48	-64
29.49	-64
29.5	-64
29.51	-64
29.52	-64
29.53	-64
29.54	-64
29.55	-64
29.56	-64
29.57	-64
29.58	-64
29.59	-64
29.6	-64
29.61	-64
29.62	-64
29.63	-64
29.64	-64
29.65	-64
29.66	-64
29.67	-64
29.68	-64
29.69	-64
29.7	-64
29.71	-64
29.72	-64
29.73	-64
29.74	-64
29.75	-64
29.76	-64
29.77	-64
29.78	-64
29.79	-64
29.8	-64
29.81	-64
29.82	-64
29.83	-64
29.84	-64
29.85	-64
29.86	-64
29.87	-64
29.88	-64
29.89	-64
29.9	-64
29.91	-64
29.92	-64
29.93	-64
29.94	-64
29.95	-64
29.96	-64
29.97	-64
29.98	-64
29.99	-64
30	-64
