0	-0.1336
0.01	-1.8124
0.02	-3.8758
0.03	-5.6252
0.04	-7.6747
0.05	-9.3021
0.06	-11.1856
0.07	-12.9691
0.08	-14.7911
0.09	-16.4135
0.1	-18.3191
0.11	-20.0761
0.12	-21.6374
0.13	-23.3851
0.14	-25.209
0.15	-26.8151
0.16	-28.3619
0.17	-29.9483
0.18	-31.744
0.19	-33.157
0.2	-34.7219
0.21	-36.5552
0.22	-37.9231
0.23	-39.5863
0.24	-41.1609
0.25	-42.4995
0.26	-43.883
0.27	-45.6113
0.28	-47.2462
0.29	-48.2197
0.3	-50.0403
0.31	-51.5948
0.32	-52.8066
0.33	-54.1856
0.34	-55.6143
0.35	-57.2741
0.36	-58.524
0.37	-59.8426
0.38	-61.2074
0.39	-62.5056
0.4	-63.7779
0.41	-65.2858
0.42	-66.4438
0.43	-67.709
0.44	-68.9063
0.45	-70.2079
0.46	-71.4665
0.47	-72.7176
0.48	-73.9253
0.49	-75.1071
0.5	-76.543
0.51	-77.636
0.52	-79.1692
0.53	-79.9485
0.54	-81.4045
0.55	-82.392
0.56	-83.5956
0.57	-84.8363
0.58	-85.6752
0.59	-87.0875
0.6	-88.1709
0.61	-89.3652
0.62	-90.3709
0.63	-91.6335
0.64	-92.5092
0.65	-93.4471
0.66	-94.7179
0.67	-95.904
0.68	-96.8727
0.69	-97.8813
0.7	-98.9547
0.71	-99.7017
0.72	-100.973
0.73	-101.904
0.74	-103.012
0.75	-103.974
0.76	-105.115
0.77	-106.053
0.78	-106.979
0.79	-107.832
0.8	-109.059
0.81	-109.665
0.82	-110.702
0.83	-111.698
0.84	-112.67
0.85	-113.52
0.86	-114.51
0.87	-115.342
0.88	-116.17
0.89	-117.226
0.9	-118.151
0.91	-118.886
0.92	-119.75
0.93	-120.688
0.94	-121.506
0.95	-122.537
0.96	-123.248
0.97	-124.107
0.98	-124.782
0.99	-125.776
1	-126.565
1.01	-127.435
1.02	-128.072
1.03	-129.037
1.04	-129.819
1.05	-130.471
1.06	-131.435
1.07	-132.179
1.08	-132.883
1.09	-133.771
1.1	-134.671
1.11	-135.324
1.12	-135.892
1.13	-136.96
1.14	-137.66
1.15	-138.384
1.16	-139.091
1.17	-139.632
1.18	-140.545
1.19	-141.366
1.2	-141.93
1.21	-142.735
1.22	-143.37
1.23	-144.083
1.24	-144.925
1.25	-145.504
1.26	-146.314
1.27	-146.797
1.28	-147.424
1.29	-148.144
1.3	-148.961
1.31	-149.532
1.32	-150.25
1.33	-150.922
1.34	-151.405
1.35	-152.323
1.36	-152.866
1.37	-153.568
1.38	-154.181
1.39	-154.767
1.4	-155.43
1.41	-156.021
1.42	-156.75
1.43	-157.212
1.44	-157.788
1.45	-158.495
1.46	-159.131
1.47	-159.598
1.48	-160.265
1.49	-160.963
1.5	-161.51
1.51	-162.2
1.52	-162.645
1.53	-163.128
1.54	-163.706
1.55	-164.316
1.56	-164.989
1.57	-165.622
1.58	-165.958
1.59	-166.823
1.6	-167.197
1.61	-167.946
1.62	-168.311
1.63	-169
1.64	-169.591
1.65	-169.903
1.66	-170.459
1.67	-171.112
1.68	-171.362
1.69	-171.905
1.7	-172.652
1.71	-173.189
1.72	-173.855
1.73	-174.357
1.74	-174.706
1.75	-175.324
1.76	-175.649
1.77	-176.142
1.78	-176.667
1.79	-177.168
1.8	-177.752
1.81	-178.16
1.82	-178.656
1.83	-179.325
1.84	-179.621
1.85	-180.163
1.86	-180.901
1.87	-180.901
1.88	-181.49
1.89	-181.925
1.9	-182.39
1.91	-182.978
1.92	-183.592
1.93	-183.813
1.94	-184.127
1.95	-184.66
1.96	-185.12
1.97	-185.6
1.98	-186.112
1.99	-186.525
2	-186.862
2.01	-187.387
2.02	-187.841
2.03	-188.365
2.04	-188.737
2.05	-189.149
2.06	-189.432
2.07	-190.015
2.08	-190.302
2.09	-190.789
2.1	-191.325
2.11	-191.607
2.12	-191.936
2.13	-192.383
2.14	-192.956
2.15	-193.377
2.16	-193.72
2.17	-194.13
2.18	-194.301
2.19	-194.954
2.2	-195.296
2.21	-195.706
2.22	-196.126
2.23	-196.4
2.24	-196.871
2.25	-197.283
2.26	-197.601
2.27	-198.01
2.28	-198.201
2.29	-198.552
2.3	-199.038
2.31	-199.463
2.32	-199.64
2.33	-200.135
2.34	-200.487
2.35	-200.773
2.36	-201.199
2.37	-201.528
2.38	-201.997
2.39	-202.363
2.4	-202.586
2.41	-202.885
2.42	-203.371
2.43	-203.635
2.44	-204.003
2.45	-204.302
2.46	-204.566
2.47	-204.998
2.48	-205.444
2.49	-205.739
2.5	-206.062
2.51	-206.315
2.52	-206.612
2.53	-206.977
2.54	-207.241
2.55	-207.68
2.56	-207.878
2.57	-208.418
2.58	-208.486
2.59	-209.03
2.6	-209.097
2.61	-209.564
2.62	-209.791
2.63	-209.957
2.64	-210.483
2.65	-210.816
2.66	-210.839
2.67	-211.392
2.68	-211.625
2.69	-211.982
2.7	-212.089
2.71	-212.47
2.72	-212.724
2.73	-212.921
2.74	-213.139
2.75	-213.794
2.76	-213.85
2.77	-214.216
2.78	-214.531
2.79	-214.763
2.8	-215.112
2.81	-215.28
2.82	-215.59
2.83	-215.783
2.84	-216.046
2.85	-216.387
2.86	-216.629
2.87	-216.947
2.88	-217.181
2.89	-217.105
2.9	-217.603
2.91	-217.933
2.92	-218.134
2.93	-218.484
2.94	-218.674
2.95	-218.991
2.96	-219.29
2.97	-219.446
2.98	-219.657
2.99	-219.8
3	-220.193
3.01	-220.647
3.02	-220.753
3.03	-220.927
3.04	-221.301
3.05	-221.37
3.06	-221.955
3.07	-221.922
3.08	-222.263
3.09	-222.145
3.1	-222.614
3.11	-222.875
3.12	-223.026
3.13	-223.28
3.14	-223.359
3.15	-223.645
3.16	-224.011
3.17	-224.096
3.18	-224.328
3.19	-224.696
3.2	-224.611
3.21	-225.014
3.22	-225.34
3.23	-225.292
3.24	-225.728
3.25	-225.805
3.26	-226.159
3.27	-226.292
3.28	-226.62
3.29	-226.596
3.3	-227.03
3.31	-227.098
3.32	-227.208
3.33	-227.627
3.34	-227.891
3.35	-227.946
3.36	-228.217
3.37	-228.226
3.38	-228.531
3.39	-228.624
3.4	-228.93
3.41	-228.993
3.42	-229.207
3.43	-229.169
3.44	-229.534
3.45	-229.833
3.46	-230.084
3.47	-230.045
3.48	-230.317
3.49	-230.362
3.5	-230.632
3.51	-230.632
3.52	-230.919
3.53	-231.25
3.54	-231.547
3.55	-231.487
3.56	-231.484
3.57	-231.879
3.58	-232.162
3.59	-232.297
3.6	-232.476
3.61	-232.594
3.62	-232.82
3.63	-232.963
3.64	-233.216
3.65	-233.239
3.66	-233.38
3.67	-233.602
3.68	-233.694
3.69	-233.767
3.7	-234.122
3.71	-234.215
3.72	-234.467
3.73	-234.695
3.74	-234.609
3.75	-234.817
3.76	-234.952
3.77	-235.042
3.78	-235.26
3.79	-235.666
3.8	-235.75
3.81	-235.673
3.82	-235.933
3.83	-236.171
3.84	-236.156
3.85	-236.434
3.86	-236.403
3.87	-236.599
3.88	-236.582
3.89	-236.946
3.9	-237.076
3.91	-237.087
3.92	-237.199
3.93	-237.415
3.94	-237.647
3.95	-237.708
3.96	-237.693
3.97	-238.015
3.98	-238.254
3.99	-238.324
4	-238.416
4.01	-238.451
4.02	-238.852
4.03	-238.728
4.04	-239.018
4.05	-239.007
4.06	-239.187
4.07	-239.243
4.08	-239.374
4.09	-239.527
4.1	-239.601
4.11	-239.713
4.12	-240.095
4.13	-240.182
4.14	-240.208
4.15	-240.201
4.16	-240.302
4.17	-240.534
4.18	-240.473
4.19	-240.694
4.2	-240.896
4.21	-240.909
4.22	-240.889
4.23	-241.056
4.24	-241.21
4.25	-241.332
4.26	-241.541
4.27	-241.592
4.28	-241.792
4.29	-241.567
4.3	-241.975
4.31	-242.078
4.32	-242.244
4.33	-242.197
4.34	-242.331
4.35	-242.526
4.36	-242.52
4.37	-242.845
4.38	-242.609
4.39	-242.822
4.4	-242.939
4.41	-242.959
4.42	-243.03
4.43	-243.167
4.44	-243.38
4.45	-243.344
4.46	-243.464
4.47	-243.725
4.48	-243.716
4.49	-243.66
4.5	-243.912
4.51	-243.917
4.52	-244.019
4.53	-244.16
4.54	-244.055
4.55	-244.38
4.56	-244.314
4.57	-244.362
4.58	-244.677
4.59	-244.788
4.6	-244.862
4.61	-244.85
4.62	-244.934
4.63	-245.144
4.64	-245.154
4.65	-245.358
4.66	-245.264
4.67	-245.448
4.68	-245.446
4.69	-245.488
4.7	-245.417
4.71	-245.651
4.72	-245.829
4.73	-245.858
4.74	-245.901
4.75	-245.933
4.76	-245.969
4.77	-246.142
4.78	-246.227
4.79	-246.259
4.8	-246.44
4.81	-246.335
4.82	-246.456
4.83	-246.704
4.84	-246.598
4.85	-246.564
4.86	-246.799
4.87	-246.864
4.88	-246.855
4.89	-246.946
4.9	-247.085
4.91	-247.11
4.92	-247.273
4.93	-247.21
4.94	-247.36
4.95	-247.304
4.96	-247.526
4.97	-247.57
4.98	-247.511
4.99	-247.712
5	-247.716
5.01	-247.872
5.02	-247.752
5.03	-247.84
5.04	-247.955
5.05	-248.043
5.06	-248.026
5.07	-248.28
5.08	-248.354
5.09	-248.349
5.1	-248.434
5.11	-248.349
5.12	-248.558
5.13	-248.547
5.14	-248.648
5.15	-248.501
5.16	-248.647
5.17	-248.685
5.18	-248.767
5.19	-248.931
5.2	-248.857
5.21	-249.02
5.22	-248.999
5.23	-249.179
5.24	-249.078
5.25	-249.191
5.26	-249.202
5.27	-249.087
5.28	-249.013
5.29	-249.215
5.3	-249.399
5.31	-249.488
5.32	-249.633
5.33	-249.563
5.34	-249.674
5.35	-249.719
5.36	-249.768
5.37	-249.944
5.38	-249.957
5.39	-249.731
5.4	-249.949
5.41	-250.089
5.42	-250.177
5.43	-250.242
5.44	-250.094
5.45	-250.186
5.46	-250.223
5.47	-250.278
5.48	-250.124
5.49	-250.324
5.5	-250.465
5.51	-250.427
5.52	-250.392
5.53	-250.383
5.54	-250.652
5.55	-250.541
5.56	-250.61
5.57	-250.669
5.58	-250.804
5.59	-250.886
5.6	-250.855
5.61	-250.697
5.62	-250.832
5.63	-250.927
5.64	-250.993
5.65	-251.141
5.66	-250.991
5.67	-251.08
5.68	-251.045
5.69	-250.974
5.7	-251.337
5.71	-251.301
5.72	-251.226
5.73	-251.235
5.74	-251.366
5.75	-251.364
5.76	-251.582
5.77	-251.407
5.78	-251.469
5.79	-251.489
5.8	-251.677
5.81	-251.617
5.82	-251.623
5.83	-251.703
5.84	-251.62
5.85	-251.682
5.86	-251.686
5.87	-251.806
5.88	-251.776
5.89	-251.987
5.9	-251.92
5.91	-251.92
5.92	-251.848
5.93	-252.154
5.94	-251.822
5.95	-251.982
5.96	-252.336
5.97	-252.113
5.98	-251.987
5.99	-252.081
6	-252.188
6.01	-252.312
6.02	-252.244
6.03	-252.147
6.04	-252.349
6.05	-252.406
6.06	-252.316
6.07	-252.47
6.08	-252.295
6.09	-252.266
6.1	-252.502
6.11	-252.542
6.12	-252.604
6.13	-252.588
6.14	-252.618
6.15	-252.476
6.16	-252.669
6.17	-252.698
6.18	-252.684
6.19	-252.742
6.2	-252.705
6.21	-252.736
6.22	-252.888
6.23	-252.695
6.24	-253.087
6.25	-252.962
6.26	-252.993
6.27	-252.882
6.28	-252.877
6.29	-252.983
6.3	-253.057
6.31	-253.091
6.32	-253.024
6.33	-253.129
6.34	-253.121
6.35	-253.278
6.36	-253.182
6.37	-253.218
6.38	-253.244
6.39	-253.261
6.4	-253.239
6.41	-253.089
6.42	-253.452
6.43	-253.323
6.44	-253.31
6.45	-253.365
6.46	-253.235
6.47	-253.281
6.48	-253.12
6.49	-253.422
6.5	-253.441
6.51	-253.306
6.52	-253.426
6.53	-253.499
6.54	-253.372
6.55	-253.443
6.56	-253.634
6.57	-253.481
6.58	-253.59
6.59	-253.675
6.6	-253.875
6.61	-253.637
6.62	-253.608
6.63	-253.572
6.64	-253.707
6.65	-253.723
6.66	-253.559
6.67	-253.712
6.68	-253.657
6.69	-253.762
6.7	-253.87
6.71	-253.923
6.72	-253.81
6.73	-253.56
6.74	-253.785
6.75	-253.941
6.76	-253.918
6.77	-253.946
6.78	-253.78
6.79	-253.961
6.8	-253.949
6.81	-254.132
6.82	-254.16
6.83	-253.88
6.84	-254.024
6.85	-254.059
6.86	-254.166
6.87	-253.941
6.88	-254.222
6.89	-253.967
6.9	-254.081
6.91	-254.12
6.92	-254.264
6.93	-254.213
6.94	-254.336
6.95	-254.153
6.96	-254.13
6.97	-254.138
6.98	-254.241
6.99	-254.199
7	-254.29
7.01	-254.428
7.02	-254.42
7.03	-254.224
7.04	-254.255
7.05	-254.327
7.06	-254.354
7.07	-254.348
7.08	-254.315
7.09	-254.413
7.1	-254.355
7.11	-254.253
7.12	-254.463
7.13	-254.5
7.14	-254.528
7.15	-254.261
7.16	-254.511
7.17	-254.468
7.18	-254.497
7.19	-254.527
7.2	-254.418
7.21	-254.661
7.22	-254.383
7.23	-254.422
7.24	-254.451
7.25	-254.594
7.26	-254.482
7.27	-254.559
7.28	-254.67
7.29	-254.629
7.3	-254.743
7.31	-254.522
7.32	-254.673
7.33	-254.708
7.34	-254.627
7.35	-254.687
7.36	-254.804
7.37	-254.629
7.38	-254.645
7.39	-254.696
7.4	-254.702
7.41	-254.883
7.42	-254.875
7.43	-254.783
7.44	-254.893
7.45	-254.637
7.46	-254.792
7.47	-254.675
7.48	-254.838
7.49	-254.673
7.5	-254.722
7.51	-254.953
7.52	-254.647
7.53	-254.822
7.54	-255.02
7.55	-254.856
7.56	-254.971
7.57	-254.761
7.58	-254.893
7.59	-254.834
7.6	-254.868
7.61	-255.018
7.62	-254.938
7.63	-255.148
7.64	-254.922
7.65	-254.952
7.66	-254.978
7.67	-254.998
7.68	-255.013
7.69	-254.818
7.7	-254.969
7.71	-254.989
7.72	-254.964
7.73	-255.102
7.74	-254.983
7.75	-255.024
7.76	-255.02
7.77	-255.079
7.78	-255.113
7.79	-254.895
7.8	-255.074
7.81	-255.093
7.82	-254.925
7.83	-254.861
7.84	-255.035
7.85	-255.264
7.86	-255.307
7.87	-255.285
7.88	-255.126
7.89	-255.195
7.9	-255.243
7.91	-255.257
7.92	-255.164
7.93	-255.033
7.94	-255.352
7.95	-255.21
7.96	-255.347
7.97	-255.239
7.98	-255.196
7.99	-255.293
8	-255.147
8.01	-255.273
8.02	-255.398
8.03	-255.271
8.04	-254.865
8.05	-255.248
8.06	-255.323
8.07	-255.303
8.08	-255.177
8.09	-255.149
8.1	-255.207
8.11	-255.277
8.12	-255.356
8.13	-255.031
8.14	-255.443
8.15	-255.32
8.16	-255.335
8.17	-255.362
8.18	-255.385
8.19	-255.533
8.2	-255.268
8.21	-255.387
8.22	-255.353
8.23	-255.406
8.24	-255.459
8.25	-255.276
8.26	-255.348
8.27	-255.354
8.28	-255.278
8.29	-255.437
8.3	-255.53
8.31	-255.437
8.32	-255.365
8.33	-255.48
8.34	-255.313
8.35	-255.468
8.36	-255.181
8.37	-255.402
8.38	-255.441
8.39	-255.554
8.4	-255.263
8.41	-255.554
8.42	-255.591
8.43	-255.462
8.44	-255.494
8.45	-255.474
8.46	-255.507
8.47	-255.485
8.48	-255.473
8.49	-255.421
8.5	-255.351
8.51	-255.204
8.52	-255.54
8.53	-255.592
8.54	-255.545
8.55	-255.544
8.56	-255.502
8.57	-255.572
8.58	-255.508
8.59	-255.495
8.6	-255.476
8.61	-255.55
8.62	-255.518
8.63	-255.584
8.64	-255.578
8.65	-255.556
8.66	-255.638
8.67	-255.516
8.68	-255.524
8.69	-255.687
8.7	-255.542
8.71	-255.572
8.72	-255.646
8.73	-255.687
8.74	-255.502
8.75	-255.444
8.76	-255.718
8.77	-255.464
8.78	-255.704
8.79	-255.576
8.8	-255.632
8.81	-255.645
8.82	-255.599
8.83	-255.468
8.84	-255.505
8.85	-255.637
8.86	-255.709
8.87	-255.8
8.88	-255.636
8.89	-255.726
8.9	-255.624
8.91	-255.568
8.92	-255.685
8.93	-255.624
8.94	-255.809
8.95	-255.574
8.96	-255.772
8.97	-255.794
8.98	-255.715
8.99	-255.82
9	-255.698
9.01	-255.752
9.02	-255.786
9.03	-255.694
9.04	-255.712
9.05	-255.717
9.06	-255.648
9.07	-255.835
9.08	-255.657
9.09	-255.529
9.1	-255.665
9.11	-255.651
9.12	-255.75
9.13	-255.709
9.14	-255.808
9.15	-255.735
9.16	-255.654
9.17	-255.691
9.18	-255.625
9.19	-255.774
9.2	-255.765
9.21	-255.775
9.22	-255.792
9.23	-255.778
9.24	-255.467
9.25	-255.72
9.26	-255.785
9.27	-255.673
9.28	-255.815
9.29	-255.746
9.3	-255.709
9.31	-255.647
9.32	-255.62
9.33	-255.724
9.34	-255.85
9.35	-255.742
9.36	-255.837
9.37	-255.841
9.38	-255.683
9.39	-255.813
9.4	-255.835
9.41	-255.876
9.42	-255.764
9.43	-255.796
9.44	-255.892
9.45	-255.659
9.46	-255.736
9.47	-255.852
9.48	-255.738
9.49	-255.855
9.5	-255.765
9.51	-255.747
9.52	-255.857
9.53	-255.891
9.54	-255.87
9.55	-255.747
9.56	-255.778
9.57	-255.637
9.58	-255.903
9.59	-255.828
9.6	-255.813
9.61	-255.832
9.62	-255.79
9.63	-255.834
9.64	-255.888
9.65	-255.898
9.66	-255.876
9.67	-255.824
9.68	-255.92
9.69	-255.941
9.7	-255.844
9.71	-255.875
9.72	-255.887
9.73	-255.742
9.74	-255.748
9.75	-255.862
9.76	-255.801
9.77	-255.927
9.78	-255.754
9.79	-255.911
9.8	-255.766
9.81	-255.949
9.82	-255.81
9.83	-255.913
9.84	-255.928
9.85	-255.907
9.86	-255.861
9.87	-255.946
9.88	-255.915
9.89	-255.894
9.9	-255.831
9.91	-255.786
9.92	-255.846
9.93	-255.922
9.94	-255.937
9.95	-255.787
9.96	-255.876
9.97	-255.915
9.98	-255.942
9.99	-255.884
10	-255.903
10.01	-255.96
10.02	-255.953
10.03	-255.907
10.04	-255.69
10.05	-255.846
10.06	-255.939
10.07	-255.857
10.08	-255.818
10.09	-255.855
10.1	-255.855
10.11	-255.817
10.12	-255.941
10.13	-255.833
10.14	-255.884
10.15	-255.931
10.16	-255.875
10.17	-255.844
10.18	-255.902
10.19	-255.95
10.2	-255.892
10.21	-255.912
10.22	-255.877
10.23	-255.816
10.24	-255.924
10.25	-255.913
10.26	-255.884
10.27	-255.905
10.28	-255.947
10.29	-255.92
10.3	-255.919
10.31	-255.88
10.32	-255.858
10.33	-255.871
10.34	-255.932
10.35	-255.945
10.36	-255.915
10.37	-255.914
10.38	-255.878
10.39	-255.927
10.4	-255.856
10.41	-255.912
10.42	-255.824
10.43	-255.887
10.44	-255.954
10.45	-255.935
10.46	-255.944
10.47	-255.939
10.48	-255.909
10.49	-255.851
10.5	-255.948
10.51	-255.965
10.52	-255.94
10.53	-255.832
10.54	-255.951
10.55	-255.851
10.56	-255.969
10.57	-255.979
10.58	-255.897
10.59	-255.889
10.6	-255.946
10.61	-255.912
10.62	-255.946
10.63	-255.969
10.64	-255.978
10.65	-255.969
10.66	-255.894
10.67	-255.861
10.68	-255.918
10.69	-255.975
10.7	-255.966
10.71	-255.887
10.72	-255.969
10.73	-255.948
10.74	-255.965
10.75	-255.966
10.76	-255.95
10.77	-255.938
10.78	-255.979
10.79	-255.947
10.8	-255.91
10.81	-255.977
10.82	-255.921
10.83	-255.95
10.84	-255.973
10.85	-255.956
10.86	-255.981
10.87	-255.943
10.88	-255.942
10.89	-255.973
10.9	-255.964
10.91	-255.973
10.92	-255.979
10.93	-255.958
10.94	-255.98
10.95	-255.98
10.96	-255.932
10.97	-255.981
10.98	-255.988
10.99	-255.943
11	-255.98
11.01	-255.92
11.02	-255.929
11.03	-255.952
11.04	-255.943
11.05	-255.989
11.06	-255.856
11.07	-255.963
11.08	-255.96
11.09	-255.947
11.1	-255.977
11.11	-255.985
11.12	-255.984
11.13	-255.979
11.14	-255.976
11.15	-255.958
11.16	-255.942
11.17	-255.978
11.18	-255.947
11.19	-255.899
11.2	-255.981
11.21	-255.981
11.22	-255.984
11.23	-255.978
11.24	-255.989
11.25	-255.977
11.26	-255.988
11.27	-255.877
11.28	-255.983
11.29	-255.988
11.3	-255.985
11.31	-255.974
11.32	-255.989
11.33	-255.909
11.34	-255.987
11.35	-255.974
11.36	-255.946
11.37	-255.992
11.38	-255.964
11.39	-255.991
11.4	-255.973
11.41	-255.989
11.42	-255.993
11.43	-255.987
11.44	-255.986
11.45	-255.984
11.46	-255.987
11.47	-255.958
11.48	-255.947
11.49	-255.986
11.5	-255.983
11.51	-255.908
11.52	-255.992
11.53	-255.987
11.54	-255.956
11.55	-255.993
11.56	-255.992
11.57	-255.991
11.58	-255.93
11.59	-255.994
11.6	-255.965
11.61	-255.996
11.62	-255.997
11.63	-255.985
11.64	-255.918
11.65	-255.985
11.66	-255.98
11.67	-255.99
11.68	-255.982
11.69	-255.97
11.7	-255.988
11.71	-255.991
11.72	-255.993
11.73	-255.968
11.74	-255.972
11.75	-255.986
11.76	-255.82
11.77	-255.994
11.78	-255.991
11.79	-255.995
11.8	-255.992
11.81	-255.995
11.82	-255.991
11.83	-255.993
11.84	-255.922
11.85	-255.994
11.86	-255.91
11.87	-255.99
11.88	-255.975
11.89	-255.995
11.9	-255.99
11.91	-255.992
11.92	-255.984
11.93	-255.992
11.94	-255.992
11.95	-255.992
11.96	-255.993
11.97	-255.99
11.98	-255.976
11.99	-255.989
12	-255.99
12.01	-255.991
12.02	-255.986
12.03	-255.994
12.04	-255.981
12.05	-255.991
12.06	-255.973
12.07	-255.994
12.08	-255.96
12.09	-255.993
12.1	-255.995
12.11	-255.993
12.12	-255.991
12.13	-255.988
12.14	-255.984
12.15	-255.979
12.16	-255.996
12.17	-255.992
12.18	-255.996
12.19	-255.997
12.2	-255.988
12.21	-255.997
12.22	-255.986
12.23	-255.995
12.24	-255.983
12.25	-255.993
12.26	-255.992
12.27	-255.993
12.28	-255.991
12.29	-255.989
12.3	-255.997
12.31	-255.977
12.32	-255.995
12.33	-255.967
12.34	-255.996
12.35	-255.909
12.36	-255.981
12.37	-255.994
12.38	-255.997
12.39	-255.996
12.4	-255.991
12.41	-255.994
12.42	-255.993
12.43	-255.997
12.44	-255.959
12.45	-255.978
12.46	-255.972
12.47	-255.998
12.48	-255.998
12.49	-255.997
12.5	-255.998
12.51	-255.995
12.52	-255.995
12.53	-255.998
12.54	-255.996
12.55	-255.913
12.56	-255.996
12.57	-255.998
12.58	-255.989
12.59	-255.996
12.6	-255.966
12.61	-255.996
12.62	-255.993
12.63	-255.998
12.64	-255.997
12.65	-255.999
12.66	-255.983
12.67	-255.997
12.68	-255.998
12.69	-255.998
12.7	-255.996
12.71	-255.999
12.72	-255.998
12.73	-255.996
12.74	-255.998
12.75	-255.987
12.76	-255.995
12.77	-255.993
12.78	-255.998
12.79	-255.912
12.8	-255.995
12.81	-255.994
12.82	-255.998
12.83	-255.996
12.84	-255.999
12.85	-255.989
12.86	-255.996
12.87	-255.975
12.88	-255.999
12.89	-255.995
12.9	-255.998
12.91	-255.99
12.92	-256
12.93	-256
12.94	-255.999
12.95	-255.999
12.96	-255.997
12.97	-255.988
12.98	-255.998
12.99	-255.999
13	-255.994
13.01	-255.997
13.02	-255.992
13.03	-255.996
13.04	-255.998
13.05	-255.998
13.06	-255.998
13.07	-255.958
13.08	-255.96
13.09	-255.998
13.1	-255.994
13.11	-255.999
13.12	-255.995
13.13	-255.973
13.14	-255.999
13.15	-256
13.16	-256
13.17	-255.999
13.18	-255.999
13.19	-255.999
13.2	-255.992
13.21	-255.997
13.22	-255.999
13.23	-255.999
13.24	-255.999
13.25	-255.999
13.26	-255.997
13.27	-255.983
13.28	-256
13.29	-255.999
13.3	-255.98
13.31	-255.999
13.32	-255.994
13.33	-255.999
13.34	-256
13.35	-255.998
13.36	-255.964
13.37	-255.999
13.38	-255.998
13.39	-256
13.4	-256
13.41	-255.999
13.42	-255.995
13.43	-255.993
13.44	-255.993
13.45	-256
13.46	-255.99
13.47	-256
13.48	-255.999
13.49	-256
13.5	-255.999
13.51	-255.999
13.52	-256
13.53	-255.999
13.54	-256
13.55	-256
13.56	-255.994
13.57	-255.998
13.58	-255.998
13.59	-255.924
13.6	-255.996
13.61	-255.999
13.62	-255.999
13.63	-255.971
13.64	-256
13.65	-255.999
13.66	-255.999
13.67	-255.999
13.68	-255.999
13.69	-256
13.7	-255.999
13.71	-255.999
13.72	-255.997
13.73	-256
13.74	-255.999
13.75	-255.999
13.76	-255.995
13.77	-256
13.78	-256
13.79	-256
13.8	-256
13.81	-256
13.82	-256
13.83	-256
13.84	-255.999
13.85	-255.999
13.86	-256
13.87	-255.989
13.88	-256
13.89	-255.999
13.9	-255.999
13.91	-255.999
13.92	-255.999
13.93	-256
13.94	-256
13.95	-256
13.96	-256
13.97	-255.999
13.98	-256
13.99	-256
14	-256
14.01	-255.999
14.02	-255.998
14.03	-256
14.04	-256
14.05	-255.993
14.06	-255.999
14.07	-255.999
14.08	-256
14.09	-255.998
14.1	-256
14.11	-256
14.12	-256
14.13	-256
14.14	-256
14.15	-256
14.16	-256
14.17	-255.998
14.18	-256
14.19	-256
14.2	-256
14.21	-255.999
14.22	-255.996
14.23	-256
14.24	-255.997
14.25	-256
14.26	-256
14.27	-255.999
14.28	-256
14.29	-256
14.3	-256
14.31	-255.995
14.32	-255.997
14.33	-256
14.34	-256
14.35	-255.996
14.36	-255.999
14.37	-256
14.38	-256
14.39	-256
14.4	-256
14.41	-256
14.42	-256
14.43	-255.998
14.44	-255.999
14.45	-256
14.46	-256
14.47	-256
14.48	-255.998
14.49	-256
14.5	-256
14.51	-255.999
14.52	-256
14.53	-256
14.54	-256
14.55	-255.999
14.56	-256
14.57	-256
14.58	-255.998
14.59	-256
14.6	-256
14.61	-256
14.62	-256
14.63	-256
14.64	-256
14.65	-256
14.66	-256
14.67	-255.999
14.68	-256
14.69	-256
14.7	-256
14.71	-256
14.72	-256
14.73	-255.998
14.74	-256
14.75	-255.996
14.76	-255.999
14.77	-256
14.78	-256
14.79	-256
14.8	-256
14.81	-256
14.82	-256
14.83	-256
14.84	-255.999
14.85	-256
14.86	-256
14.87	-256
14.88	-256
14.89	-256
14.9	-256
14.91	-255.999
14.92	-256
14.93	-256
14.94	-256
14.95	-256
14.96	-255.98
14.97	-256
14.98	-256
14.99	-256
15	-256
15.01	-255.999
15.02	-256
15.03	-256
15.04	-256
15.05	-256
15.06	-256
15.07	-255.994
15.08	-256
15.09	-255.999
15.1	-256
15.11	-256
15.12	-255.999
15.13	-256
15.14	-256
15.15	-256
15.16	-256
15.17	-256
15.18	-256
15.19	-255.998
15.2	-256
15.21	-256
15.22	-255.987
15.23	-256
15.24	-256
15.25	-256
15.26	-256
15.27	-256
15.28	-256
15.29	-255.999
15.3	-256
15.31	-256
15.32	-256
15.33	-256
15.34	-256
15.35	-256
15.36	-256
15.37	-256
15.38	-256
15.39	-256
15.4	-256
15.41	-256
15.42	-256
15.43	-256
15.44	-256
15.45	-256
15.46	-256
15.47	-256
15.48	-256
15.49	-256
15.5	-256
15.51	-256
15.52	-256
15.53	-256
15.54	-256
15.55	-256
15.56	-256
15.57	-256
15.58	-255.996
15.59	-256
15.6	-255.992
15.61	-256
15.62	-256
15.63	-256
15.64	-255.999
15.65	-256
15.66	-256
15.67	-256
15.68	-256
15.69	-256
15.7	-256
15.71	-256
15.72	-256
15.73	-256
15.74	-256
15.75	-256
15.76	-256
15.77	-256
15.78	-256
15.79	-256
15.8	-256
15.81	-256
15.82	-256
15.83	-256
15.84	-256
15.85	-256
15.86	-256
15.87	-256
15.88	-256
15.89	-256
15.9	-256
15.91	-256
15.92	-256
15.93	-256
15.94	-256
15.95	-256
15.96	-256
15.97	-256
15.98	-256
15.99	-256
16	-256
16.01	-256
16.02	-256
16.03	-256
16.04	-256
16.05	-256
16.06	-256
16.07	-256
16.08	-256
16.09	-256
16.1	-256
16.11	-256
16.12	-256
16.13	-256
16.14	-256
16.15	-256
16.16	-256
16.17	-256
16.18	-256
16.19	-256
16.2	-256
16.21	-256
16.22	-256
16.23	-256
16.24	-256
16.25	-256
16.26	-256
16.27	-256
16.28	-256
16.29	-256
16.3	-256
16.31	-256
16.32	-256
16.33	-256
16.34	-256
16.35	-256
16.36	-256
16.37	-256
16.38	-256
16.39	-255.999
16.4	-256
16.41	-256
16.42	-256
16.43	-256
16.44	-256
16.45	-256
16.46	-256
16.47	-255.999
16.48	-256
16.49	-256
16.5	-256
16.51	-256
16.52	-256
16.53	-256
16.54	-256
16.55	-256
16.56	-256
16.57	-256
16.58	-256
16.59	-256
16.6	-256
16.61	-256
16.62	-255.999
16.63	-256
16.64	-256
16.65	-256
16.66	-256
16.67	-256
16.68	-256
16.69	-256
16.7	-256
16.71	-256
16.72	-256
16.73	-256
16.74	-256
16.75	-256
16.76	-256
16.77	-256
16.78	-256
16.79	-256
16.8	-256
16.81	-256
16.82	-256
16.83	-256
16.84	-256
16.85	-256
16.86	-256
16.87	-256
16.88	-256
16.89	-256
16.9	-256
16.91	-256
16.92	-256
16.93	-255.999
16.94	-256
16.95	-256
16.96	-256
16.97	-256
16.98	-256
16.99	-256
17	-256
17.01	-256
17.02	-256
17.03	-256
17.04	-256
17.05	-256
17.06	-256
17.07	-256
17.08	-256
17.09	-256
17.1	-256
17.11	-256
17.12	-256
17.13	-256
17.14	-256
17.15	-256
17.16	-256
17.17	-256
17.18	-256
17.19	-256
17.2	-256
17.21	-256
17.22	-256
17.23	-256
17.24	-256
17.25	-256
17.26	-256
17.27	-256
17.28	-256
17.29	-256
17.3	-256
17.31	-256
17.32	-256
17.33	-256
17.34	-256
17.35	-256
17.36	-256
17.37	-256
17.38	-256
17.39	-256
17.4	-256
17.41	-256
17.42	-256
17.43	-256
17.44	-256
17.45	-256
17.46	-256
17.47	-256
17.48	-256
17.49	-256
17.5	-256
17.51	-256
17.52	-256
17.53	-256
17.54	-256
17.55	-256
17.56	-256
17.57	-256
17.58	-256
17.59	-256
17.6	-256
17.61	-256
17.62	-256
17.63	-256
17.64	-256
17.65	-256
17.66	-256
17.67	-256
17.68	-256
17.69	-256
17.7	-256
17.71	-256
17.72	-256
17.73	-256
17.74	-256
17.75	-256
17.76	-256
17.77	-256
17.78	-256
17.79	-256
17.8	-256
17.81	-256
17.82	-256
17.83	-256
17.84	-256
17.85	-256
17.86	-256
17.87	-256
17.88	-256
17.89	-256
17.9	-256
17.91	-256
17.92	-256
17.93	-256
17.94	-256
17.95	-256
17.96	-256
17.97	-256
17.98	-256
17.99	-256
18	-256
18.01	-256
18.02	-256
18.03	-256
18.04	-256
18.05	-256
18.06	-256
18.07	-256
18.08	-256
18.09	-256
18.1	-256
18.11	-256
18.12	-256
18.13	-256
18.14	-256
18.15	-256
18.16	-256
18.17	-256
18.18	-256
18.19	-256
18.2	-256
18.21	-256
18.22	-256
18.23	-256
18.24	-256
18.25	-256
18.26	-255.996
18.27	-256
18.28	-256
18.29	-256
18.3	-256
18.31	-256
18.32	-256
18.33	-256
18.34	-256
18.35	-256
18.36	-255.998
18.37	-256
18.38	-256
18.39	-256
18.4	-256
18.41	-256
18.42	-256
18.43	-256
18.44	-256
18.45	-256
18.46	-256
18.47	-256
18.48	-256
18.49	-256
18.5	-256
18.51	-256
18.52	-256
18.53	-256
18.54	-256
18.55	-256
18.56	-256
18.57	-256
18.58	-256
18.59	-256
18.6	-256
18.61	-256
18.62	-256
18.63	-256
18.64	-256
18.65	-256
18.66	-256
18.67	-256
18.68	-256
18.69	-256
18.7	-256
18.71	-256
18.72	-256
18.73	-256
18.74	-256
18.75	-256
18.76	-256
18.77	-256
18.78	-256
18.79	-256
18.8	-256
18.81	-256
18.82	-256
18.83	-256
18.84	-256
18.85	-256
18.86	-256
18.87	-256
18.88	-256
18.89	-256
18.9	-256
18.91	-256
18.92	-256
18.93	-256
18.94	-256
18.95	-256
18.96	-256
18.97	-256
18.98	-256
18.99	-256
19	-256
19.01	-256
19.02	-256
19.03	-256
19.04	-256
19.05	-256
19.06	-256
19.07	-256
19.08	-256
19.09	-256
19.1	-256
19.11	-256
19.12	-256
19.13	-256
19.14	-256
19.15	-256
19.16	-256
19.17	-256
19.18	-256
19.19	-256
19.2	-256
19.21	-256
19.22	-256
19.23	-256
19.24	-256
19.25	-256
19.26	-256
19.27	-256
19.28	-256
19.29	-256
19.3	-256
19.31	-256
19.32	-256
19.33	-256
19.34	-256
19.35	-256
19.36	-256
19.37	-256
19.38	-256
19.39	-256
19.4	-256
19.41	-256
19.42	-256
19.43	-256
19.44	-256
19.45	-256
19.46	-256
19.47	-256
19.48	-256
19.49	-256
19.5	-256
19.51	-256
19.52	-256
19.53	-256
19.54	-256
19.55	-256
19.56	-256
19.57	-256
19.58	-256
19.59	-256
19.6	-256
19.61	-256
19.62	-256
19.63	-256
19.64	-256
19.65	-256
19.66	-256
19.67	-256
19.68	-256
19.69	-256
19.7	-256
19.71	-256
19.72	-256
19.73	-256
19.74	-256
19.75	-256
19.76	-256
19.77	-256
19.78	-256
19.79	-256
19.8	-256
19.81	-256
19.82	-256
19.83	-256
19.84	-256
19.85	-256
19.86	-256
19.87	-256
19.88	-256
19.89	-256
19.9	-256
19.91	-256
19.92	-256
19.93	-256
19.94	-256
19.95	-256
19.96	-256
19.97	-256
19.98	-256
19.99	-256
20	-256
20.01	-256
20.02	-256
20.03	-256
20.04	-256
20.05	-256
20.06	-256
20.07	-256
20.08	-256
20.09	-256
20.1	-256
20.11	-256
20.12	-256
20.13	-256
20.14	-256
20.15	-256
20.16	-256
20.17	-256
20.18	-256
20.19	-256
20.2	-256
20.21	-256
20.22	-256
20.23	-256
20.24	-256
20.25	-256
20.26	-256
20.27	-256
20.28	-256
20.29	-256
20.3	-256
20.31	-256
20.32	-256
20.33	-256
20.34	-256
20.35	-256
20.36	-256
20.37	-256
20.38	-256
20.39	-256
20.4	-256
20.41	-256
20.42	-256
20.43	-256
20.44	-256
20.45	-256
20.46	-256
20.47	-256
20.48	-256
20.49	-256
20.5	-256
20.51	-256
20.52	-256
20.53	-256
20.54	-256
20.55	-256
20.56	-256
20.57	-256
20.58	-256
20.59	-256
20.6	-256
20.61	-256
20.62	-256
20.63	-256
20.64	-256
20.65	-256
20.66	-256
20.67	-256
20.68	-256
20.69	-256
20.7	-256
20.71	-256
20.72	-256
20.73	-256
20.74	-256
20.75	-256
20.76	-256
20.77	-256
20.78	-256
20.79	-256
20.8	-256
20.81	-256
20.82	-256
20.83	-256
20.84	-256
20.85	-256
20.86	-256
20.87	-256
20.88	-256
20.89	-256
20.9	-256
20.91	-256
20.92	-256
20.93	-256
20.94	-256
20.95	-256
20.96	-256
20.97	-256
20.98	-256
20.99	-256
21	-256
21.01	-256
21.02	-256
21.03	-256
21.04	-256
21.05	-256
21.06	-256
21.07	-256
21.08	-256
21.09	-256
21.1	-256
21.11	-256
21.12	-256
21.13	-256
21.14	-256
21.15	-256
21.16	-256
21.17	-256
21.18	-256
21.19	-256
21.2	-256
21.21	-256
21.22	-256
21.23	-256
21.24	-256
21.25	-256
21.26	-256
21.27	-256
21.28	-256
21.29	-256
21.3	-256
21.31	-256
21.32	-256
21.33	-256
21.34	-256
21.35	-256
21.36	-256
21.37	-256
21.38	-256
21.39	-256
21.4	-256
21.41	-256
21.42	-256
21.43	-256
21.44	-256
21.45	-256
21.46	-256
21.47	-256
21.48	-256
21.49	-256
21.5	-256
21.51	-256
21.52	-256
21.53	-256
21.54	-256
21.55	-256
21.56	-256
21.57	-256
21.58	-256
21.59	-256
21.6	-256
21.61	-256
21.62	-256
21.63	-256
21.64	-256
21.65	-256
21.66	-256
21.67	-256
21.68	-256
21.69	-256
21.7	-256
21.71	-256
21.72	-256
21.73	-256
21.74	-256
21.75	-256
21.76	-256
21.77	-256
21.78	-256
21.79	-256
21.8	-256
21.81	-256
21.82	-256
21.83	-256
21.84	-256
21.85	-256
21.86	-256
21.87	-256
21.88	-256
21.89	-256
21.9	-256
21.91	-256
21.92	-256
21.93	-256
21.94	-256
21.95	-256
21.96	-256
21.97	-256
21.98	-256
21.99	-256
22	-256
22.01	-256
22.02	-256
22.03	-256
22.04	-256
22.05	-256
22.06	-256
22.07	-256
22.08	-256
22.09	-256
22.1	-256
22.11	-256
22.12	-256
22.13	-256
22.14	-256
22.15	-256
22.16	-256
22.17	-256
22.18	-256
22.19	-256
22.2	-256
22.21	-256
22.22	-256
22.23	-256
22.24	-256
22.25	-256
22.26	-256
22.27	-256
22.28	-256
22.29	-256
22.3	-256
22.31	-256
22.32	-256
22.33	-256
22.34	-256
22.35	-256
22.36	-256
22.37	-256
22.38	-256
22.39	-256
22.4	-256
22.41	-256
22.42	-256
22.43	-256
22.44	-256
22.45	-256
22.46	-256
22.47	-256
22.48	-256
22.49	-256
22.5	-256
22.51	-256
22.52	-256
22.53	-256
22.54	-256
22.55	-256
22.56	-256
22.57	-256
22.58	-256
22.59	-256
22.6	-256
22.61	-256
22.62	-256
22.63	-256
22.64	-256
22.65	-256
22.66	-256
22.67	-256
22.68	-256
22.69	-256
22.7	-256
22.71	-256
22.72	-256
22.73	-256
22.74	-256
22.75	-256
22.76	-256
22.77	-256
22.78	-256
22.79	-256
22.8	-256
22.81	-256
22.82	-256
22.83	-256
22.84	-256
22.85	-256
22.86	-256
22.87	-256
22.88	-256
22.89	-256
22.9	-256
22.91	-256
22.92	-256
22.93	-256
22.94	-256
22.95	-256
22.96	-256
22.97	-256
22.98	-256
22.99	-256
23	-256
23.01	-256
23.02	-256
23.03	-256
23.04	-256
23.05	-256
23.06	-256
23.07	-256
23.08	-256
23.09	-256
23.1	-256
23.11	-256
23.12	-256
23.13	-256
23.14	-256
23.15	-256
23.16	-256
23.17	-256
23.18	-256
23.19	-256
23.2	-256
23.21	-256
23.22	-256
23.23	-256
23.24	-256
23.25	-256
23.26	-256
23.27	-256
23.28	-256
23.29	-256
23.3	-256
23.31	-256
23.32	-256
23.33	-256
23.34	-256
23.35	-256
23.36	-256
23.37	-256
23.38	-256
23.39	-256
23.4	-256
23.41	-256
23.42	-256
23.43	-256
23.44	-256
23.45	-256
23.46	-256
23.47	-256
23.48	-256
23.49	-256
23.5	-256
23.51	-256
23.52	-256
23.53	-256
23.54	-256
23.55	-256
23.56	-256
23.57	-256
23.58	-256
23.59	-256
23.6	-256
23.61	-256
23.62	-256
23.63	-256
23.64	-256
23.65	-256
23.66	-256
23.67	-256
23.68	-256
23.69	-256
23.7	-256
23.71	-256
23.72	-256
23.73	-256
23.74	-256
23.75	-256
23.76	-256
23.77	-256
23.78	-256
23.79	-256
23.8	-256
23.81	-256
23.82	-256
23.83	-256
23.84	-256
23.85	-256
23.86	-256
23.87	-256
23.88	-256
23.89	-256
23.9	-256
23.91	-256
23.92	-256
23.93	-256
23.94	-256
23.95	-256
23.96	-256
23.97	-256
23.98	-256
23.99	-256
24	-256
24.01	-256
24.02	-256
24.03	-256
24.04	-256
24.05	-256
24.06	-256
24.07	-256
24.08	-256
24.09	-256
24.1	-256
24.11	-256
24.12	-256
24.13	-256
24.14	-256
24.15	-256
24.16	-256
24.17	-256
24.18	-256
24.19	-256
24.2	-256
24.21	-256
24.22	-256
24.23	-256
24.24	-256
24.25	-256
24.26	-256
24.27	-256
24.28	-256
24.29	-256
24.3	-256
24.31	-256
24.32	-256
24.33	-256
24.34	-256
24.35	-256
24.36	-256
24.37	-256
24.38	-256
24.39	-256
24.4	-256
24.41	-256
24.42	-256
24.43	-256
24.44	-256
24.45	-256
24.46	-256
24.47	-256
24.48	-256
24.49	-256
24.5	-256
24.51	-256
24.52	-256
24.53	-256
24.54	-256
24.55	-256
24.56	-256
24.57	-256
24.58	-256
24.59	-256
24.6	-256
24.61	-256
24.62	-256
24.63	-256
24.64	-256
24.65	-256
24.66	-256
24.67	-256
24.68	-256
24.69	-256
24.7	-256
24.71	-256
24.72	-256
24.73	-256
24.74	-256
24.75	-256
24.76	-256
24.77	-256
24.78	-256
24.79	-256
24.8	-256
24.81	-256
24.82	-256
24.83	-256
24.84	-256
24.85	-256
24.86	-256
24.87	-256
24.88	-256
24.89	-256
24.9	-256
24.91	-256
24.92	-256
24.93	-256
24.94	-256
24.95	-256
24.96	-256
24.97	-256
24.98	-256
24.99	-256
25	-256
25.01	-256
25.02	-256
25.03	-256
25.04	-256
25.05	-256
25.06	-256
25.07	-256
25.08	-256
25.09	-256
25.1	-256
25.11	-256
25.12	-256
25.13	-256
25.14	-256
25.15	-256
25.16	-256
25.17	-256
25.18	-256
25.19	-256
25.2	-256
25.21	-256
25.22	-256
25.23	-256
25.24	-256
25.25	-256
25.26	-256
25.27	-256
25.28	-256
25.29	-256
25.3	-256
25.31	-256
25.32	-256
25.33	-256
25.34	-256
25.35	-256
25.36	-256
25.37	-256
25.38	-256
25.39	-256
25.4	-256
25.41	-256
25.42	-256
25.43	-256
25.44	-256
25.45	-256
25.46	-256
25.47	-256
25.48	-256
25.49	-256
25.5	-256
25.51	-256
25.52	-256
25.53	-256
25.54	-256
25.55	-256
25.56	-256
25.57	-256
25.58	-256
25.59	-256
25.6	-256
25.61	-256
25.62	-256
25.63	-256
25.64	-256
25.65	-256
25.66	-256
25.67	-256
25.68	-256
25.69	-256
25.7	-256
25.71	-256
25.72	-256
25.73	-256
25.74	-256
25.75	-256
25.76	-256
25.77	-256
25.78	-256
25.79	-256
25.8	-256
25.81	-256
25.82	-256
25.83	-256
25.84	-256
25.85	-256
25.86	-256
25.87	-256
25.88	-256
25.89	-256
25.9	-256
25.91	-256
25.92	-256
25.93	-256
25.94	-256
25.95	-256
25.96	-256
25.97	-256
25.98	-256
25.99	-256
26	-256
26.01	-256
26.02	-256
26.03	-256
26.04	-256
26.05	-256
26.06	-256
26.07	-256
26.08	-256
26.09	-256
26.1	-256
26.11	-256
26.12	-256
26.13	-256
26.14	-256
26.15	-256
26.16	-256
26.17	-256
26.18	-256
26.19	-256
26.2	-256
26.21	-256
26.22	-256
26.23	-256
26.24	-256
26.25	-256
26.26	-256
26.27	-256
26.28	-256
26.29	-256
26.3	-256
26.31	-256
26.32	-256
26.33	-256
26.34	-256
26.35	-256
26.36	-256
26.37	-256
26.38	-256
26.39	-256
26.4	-256
26.41	-256
26.42	-256
26.43	-256
26.44	-256
26.45	-256
26.46	-256
26.47	-256
26.48	-256
26.49	-256
26.5	-256
26.51	-256
26.52	-256
26.53	-256
26.54	-256
26.55	-256
26.56	-256
26.57	-256
26.58	-256
26.59	-256
26.6	-256
26.61	-256
26.62	-256
26.63	-256
26.64	-256
26.65	-256
26.66	-256
26.67	-256
26.68	-256
26.69	-256
26.7	-256
26.71	-256
26.72	-256
26.73	-256
26.74	-256
26.75	-256
26.76	-256
26.77	-256
26.78	-256
26.79	-256
26.8	-256
26.81	-256
26.82	-256
26.83	-256
26.84	-256
26.85	-256
26.86	-256
26.87	-256
26.88	-256
26.89	-256
26.9	-256
26.91	-256
26.92	-256
26.93	-256
26.94	-256
26.95	-256
26.96	-256
26.97	-256
26.98	-256
26.99	-256
27	-256
27.01	-256
27.02	-256
27.03	-256
27.04	-256
27.05	-256
27.06	-256
27.07	-256
27.08	-256
27.09	-256
27.1	-256
27.11	-256
27.12	-256
27.13	-256
27.14	-256
27.15	-256
27.16	-256
27.17	-256
27.18	-256
27.19	-256
27.2	-256
27.21	-256
27.22	-256
27.23	-256
27.24	-256
27.25	-256
27.26	-256
27.27	-256
27.28	-256
27.29	-256
27.3	-256
27.31	-256
27.32	-256
27.33	-256
27.34	-256
27.35	-256
27.36	-256
27.37	-256
27.38	-256
27.39	-256
27.4	-256
27.41	-256
27.42	-256
27.43	-256
27.44	-256
27.45	-256
27.46	-256
27.47	-256
27.48	-256
27.49	-256
27.5	-256
27.51	-256
27.52	-256
27.53	-256
27.54	-256
27.55	-256
27.56	-256
27.57	-256
27.58	-256
27.59	-256
27.6	-256
27.61	-256
27.62	-256
27.63	-256
27.64	-256
27.65	-256
27.66	-256
27.67	-256
27.68	-256
27.69	-256
27.7	-256
27.71	-256
27.72	-256
27.73	-256
27.74	-256
27.75	-256
27.76	-256
27.77	-256
27.78	-256
27.79	-256
27.8	-256
27.81	-256
27.82	-256
27.83	-256
27.84	-256
27.85	-256
27.86	-256
27.87	-256
27.88	-256
27.89	-256
27.9	-256
27.91	-256
27.92	-256
27.93	-256
27.94	-256
27.95	-256
27.96	-256
27.97	-256
27.98	-256
27.99	-256
28	-256
28.01	-256
28.02	-256
28.03	-256
28.04	-256
28.05	-256
28.06	-256
28.07	-256
28.08	-256
28.09	-256
28.1	-256
28.11	-256
28.12	-256
28.13	-256
28.14	-256
28.15	-256
28.16	-256
28.17	-256
28.18	-256
28.19	-256
28.2	-256
28.21	-256
28.22	-256
28.23	-256
28.24	-256
28.25	-256
28.26	-256
28.27	-256
28.28	-256
28.29	-256
28.3	-256
28.31	-256
28.32	-256
28.33	-256
28.34	-256
28.35	-256
28.36	-256
28.37	-256
28.38	-256
28.39	-256
28.4	-256
28.41	-256
28.42	-256
28.43	-256
28.44	-256
28.45	-256
28.46	-256
28.47	-256
28.48	-256
28.49	-256
28.5	-256
28.51	-256
28.52	-256
28.53	-256
28.54	-256
28.55	-256
28.56	-256
28.57	-256
28.58	-256
28.59	-256
28.6	-256
28.61	-256
28.62	-256
28.63	-256
28.64	-256
28.65	-256
28.66	-256
28.67	-256
28.68	-256
28.69	-256
28.7	-256
28.71	-256
28.72	-256
28.73	-256
28.74	-256
28.75	-256
28.76	-256
28.77	-256
28.78	-256
28.79	-256
28.8	-256
28.81	-256
28.82	-256
28.83	-256
28.84	-256
28.85	-256
28.86	-256
28.87	-256
28.88	-256
28.89	-256
28.9	-256
28.91	-256
28.92	-256
28.93	-256
28.94	-256
28.95	-256
28.96	-256
28.97	-256
28.98	-256
28.99	-256
29	-256
29.01	-256
29.02	-256
29.03	-256
29.04	-256
29.05	-256
29.06	-256
29.07	-256
29.08	-256
29.09	-256
29.1	-256
29.11	-256
29.12	-256
29.13	-256
29.14	-256
29.15	-256
29.16	-256
29.17	-256
29.18	-256
29.19	-256
29.2	-256
29.21	-256
29.22	-256
29.23	-256
29.24	-256
29.25	-256
29.26	-256
29.27	-256
29.28	-256
29.29	-256
29.3	-256
29.31	-256
29.32	-256
29.33	-256
29.34	-256
29.35	-256
29.36	-256
29.37	-256
29.38	-256
29.39	-256
29.4	-256
29.41	-256
29.42	-256
29.43	-256
29.44	-256
29.45	-256
29.46	-256
29.47	-256
29.48	-256
29.49	-256
29.5	-256
29.51	-256
29.52	-256
29.53	-256
29.54	-256
29.55	-256
29.56	-256
29.57	-256
29.58	-256
29.59	-256
29.6	-256
29.61	-256
29.62	-256
29.63	-256
29.64	-256
29.65	-256
29.66	-256
29.67	-256
29.68	-256
29.69	-256
29.7	-256
29.71	-256
29.72	-256
29.73	-256
29.74	-256
29.75	-256
29.76	-256
29.77	-256
29.78	-256
29.79	-256
29.8	-256
29.81	-256
29.82	-256
29.83	-256
29.84	-256
29.85	-256
29.86	-256
29.87	-256
29.88	-256
29.89	-256
29.9	-256
29.91	-256
29.92	-256
29.93	-256
29.94	-256
29.95	-256
29.96	-256
29.97	-256
29.98	-256
29.99	-256
30	-256
