0	-0.0206
0.01	-0.0139
0.02	-0.0623
0.03	-0.0995
0.04	-0.1409
0.05	-0.142
0.06	-0.187
0.07	-0.2249
0.08	-0.1963
0.09	-0.2777
0.1	-0.2939
0.11	-0.3164
0.12	-0.3438
0.13	-0.3834
0.14	-0.3682
0.15	-0.4222
0.16	-0.4448
0.17	-0.4697
0.18	-0.4901
0.19	-0.5099
0.2	-0.5485
0.21	-0.5479
0.22	-0.6067
0.23	-0.5669
0.24	-0.6351
0.25	-0.6747
0.26	-0.7027
0.27	-0.7005
0.28	-0.724
0.29	-0.7785
0.3	-0.7787
0.31	-0.8204
0.32	-0.825
0.33	-0.8665
0.34	-0.8639
0.35	-0.9036
0.36	-0.8886
0.37	-0.9176
0.38	-0.9707
0.39	-0.9683
0.4	-1.0057
0.41	-1.0146
0.42	-1.0502
0.43	-1.032
0.44	-1.0871
0.45	-1.1144
0.46	-1.0882
0.47	-1.1241
0.48	-1.1362
0.49	-1.1792
0.5	-1.2059
0.51	-1.2157
0.52	-1.2169
0.53	-1.246
0.54	-1.2614
0.55	-1.2756
0.56	-1.29
0.57	-1.3379
0.58	-1.3318
0.59	-1.342
0.6	-1.3712
0.61	-1.3739
0.62	-1.3815
0.63	-1.4036
0.64	-1.4228
0.65	-1.4313
0.66	-1.4461
0.67	-1.4697
0.68	-1.4759
0.69	-1.5095
0.7	-1.5094
0.71	-1.5345
0.72	-1.5499
0.73	-1.5724
0.74	-1.5947
0.75	-1.6007
0.76	-1.6273
0.77	-1.6337
0.78	-1.643
0.79	-1.647
0.8	-1.663
0.81	-1.6912
0.82	-1.691
0.83	-1.6942
0.84	-1.7237
0.85	-1.7245
0.86	-1.7541
0.87	-1.7376
0.88	-1.7789
0.89	-1.8
0.9	-1.7845
0.91	-1.8151
0.92	-1.8189
0.93	-1.8374
0.94	-1.8486
0.95	-1.8694
0.96	-1.8733
0.97	-1.8861
0.98	-1.8996
0.99	-1.9044
1	-1.9285
1.01	-1.9132
1.02	-1.9383
1.03	-1.9585
1.04	-1.9587
1.05	-1.9672
1.06	-1.9781
1.07	-1.9961
1.08	-1.9995
1.09	-2.005
1.1	-2.0287
1.11	-2.0381
1.12	-2.041
1.13	-2.0442
1.14	-2.0567
1.15	-2.0507
1.16	-2.093
1.17	-2.0906
1.18	-2.1139
1.19	-2.0954
1.2	-2.1249
1.21	-2.1325
1.22	-2.1269
1.23	-2.1389
1.24	-2.1582
1.25	-2.162
1.26	-2.1737
1.27	-2.198
1.28	-2.1874
1.29	-2.2074
1.3	-2.22
1.31	-2.2333
1.32	-2.2411
1.33	-2.2436
1.34	-2.2364
1.35	-2.264
1.36	-2.2657
1.37	-2.2685
1.38	-2.2644
1.39	-2.2859
1.4	-2.294
1.41	-2.3049
1.42	-2.3085
1.43	-2.3143
1.44	-2.3335
1.45	-2.3387
1.46	-2.3523
1.47	-2.3415
1.48	-2.3457
1.49	-2.3626
1.5	-2.3723
1.51	-2.3589
1.52	-2.3953
1.53	-2.381
1.54	-2.3908
1.55	-2.3968
1.56	-2.4049
1.57	-2.4181
1.58	-2.4163
1.59	-2.4331
1.6	-2.4453
1.61	-2.462
1.62	-2.4557
1.63	-2.4654
1.64	-2.4667
1.65	-2.4738
1.66	-2.4783
1.67	-2.4853
1.68	-2.4927
1.69	-2.5012
1.7	-2.5018
1.71	-2.5016
1.72	-2.5085
1.73	-2.5179
1.74	-2.5068
1.75	-2.5299
1.76	-2.5266
1.77	-2.5263
1.78	-2.5525
1.79	-2.5458
1.8	-2.5458
1.81	-2.5627
1.82	-2.5734
1.83	-2.5662
1.84	-2.5818
1.85	-2.5874
1.86	-2.5914
1.87	-2.587
1.88	-2.6132
1.89	-2.6159
1.9	-2.6119
1.91	-2.6183
1.92	-2.6214
1.93	-2.6417
1.94	-2.6394
1.95	-2.6487
1.96	-2.6404
1.97	-2.6587
1.98	-2.6532
1.99	-2.6601
2	-2.6651
2.01	-2.664
2.02	-2.6815
2.03	-2.6836
2.04	-2.6753
2.05	-2.6764
2.06	-2.6884
2.07	-2.6799
2.08	-2.6887
2.09	-2.7066
2.1	-2.7064
2.11	-2.7224
2.12	-2.7195
2.13	-2.7205
2.14	-2.7228
2.15	-2.732
2.16	-2.7331
2.17	-2.7462
2.18	-2.734
2.19	-2.7543
2.2	-2.7549
2.21	-2.761
2.22	-2.77
2.23	-2.766
2.24	-2.78
2.25	-2.7782
2.26	-2.7915
2.27	-2.7765
2.28	-2.7948
2.29	-2.7879
2.3	-2.8046
2.31	-2.8004
2.32	-2.8236
2.33	-2.8229
2.34	-2.8145
2.35	-2.8298
2.36	-2.8173
2.37	-2.8267
2.38	-2.8394
2.39	-2.8395
2.4	-2.8335
2.41	-2.8447
2.42	-2.836
2.43	-2.8541
2.44	-2.8645
2.45	-2.8592
2.46	-2.8625
2.47	-2.8593
2.48	-2.8732
2.49	-2.87
2.5	-2.8844
2.51	-2.8924
2.52	-2.8937
2.53	-2.8913
2.54	-2.8995
2.55	-2.9085
2.56	-2.9034
2.57	-2.917
2.58	-2.9101
2.59	-2.9222
2.6	-2.92
2.61	-2.9237
2.62	-2.9237
2.63	-2.9197
2.64	-2.9327
2.65	-2.9358
2.66	-2.941
2.67	-2.9285
2.68	-2.9455
2.69	-2.949
2.7	-2.9519
2.71	-2.959
2.72	-2.9591
2.73	-2.9525
2.74	-2.9693
2.75	-2.9791
2.76	-2.9696
2.77	-2.9812
2.78	-2.9717
2.79	-2.9801
2.8	-3.0027
2.81	-2.994
2.82	-3.0008
2.83	-3.0016
2.84	-3.0172
2.85	-2.9818
2.86	-3.0183
2.87	-3.0116
2.88	-3.0176
2.89	-3.0283
2.9	-3.0288
2.91	-3.0282
2.92	-3.0275
2.93	-3.0276
2.94	-3.0311
2.95	-3.042
2.96	-3.0393
2.97	-3.0668
2.98	-3.05
2.99	-3.0481
3	-3.0677
3.01	-3.0654
3.02	-3.0847
3.03	-3.064
3.04	-3.08
3.05	-3.0688
3.06	-3.0931
3.07	-3.0765
3.08	-3.094
3.09	-3.0852
3.1	-3.0822
3.11	-3.0998
3.12	-3.103
3.13	-3.0997
3.14	-3.1114
3.15	-3.1016
3.16	-3.1049
3.17	-3.1152
3.18	-3.1193
3.19	-3.1204
3.2	-3.1226
3.21	-3.1338
3.22	-3.1292
3.23	-3.1277
3.24	-3.1272
3.25	-3.138
3.26	-3.1371
3.27	-3.1406
3.28	-3.1697
3.29	-3.1581
3.3	-3.1479
3.31	-3.1553
3.32	-3.1725
3.33	-3.1668
3.34	-3.167
3.35	-3.1653
3.36	-3.1867
3.37	-3.1605
3.38	-3.1713
3.39	-3.1778
3.4	-3.1788
3.41	-3.1891
3.42	-3.181
3.43	-3.1882
3.44	-3.2039
3.45	-3.2038
3.46	-3.1825
3.47	-3.1969
3.48	-3.1934
3.49	-3.2162
3.5	-3.2187
3.51	-3.211
3.52	-3.2458
3.53	-3.2283
3.54	-3.2221
3.55	-3.2379
3.56	-3.2307
3.57	-3.2474
3.58	-3.2339
3.59	-3.2394
3.6	-3.2418
3.61	-3.2405
3.62	-3.2645
3.63	-3.2571
3.64	-3.2666
3.65	-3.256
3.66	-3.2836
3.67	-3.279
3.68	-3.2773
3.69	-3.2863
3.7	-3.2822
3.71	-3.2936
3.72	-3.2916
3.73	-3.2922
3.74	-3.2823
3.75	-3.2989
3.76	-3.2819
3.77	-3.3026
3.78	-3.3177
3.79	-3.3108
3.8	-3.3036
3.81	-3.3172
3.82	-3.3192
3.83	-3.3205
3.84	-3.3241
3.85	-3.3246
3.86	-3.3382
3.87	-3.319
3.88	-3.3418
3.89	-3.3559
3.9	-3.3364
3.91	-3.358
3.92	-3.3415
3.93	-3.3721
3.94	-3.3869
3.95	-3.363
3.96	-3.3536
3.97	-3.3319
3.98	-3.3544
3.99	-3.3819
4	-3.3809
4.01	-3.3795
4.02	-3.3963
4.03	-3.3931
4.04	-3.3694
4.05	-3.3837
4.06	-3.3945
4.07	-3.3766
4.08	-3.3821
4.09	-3.3995
4.1	-3.3731
4.11	-3.3909
4.12	-3.4099
4.13	-3.4054
4.14	-3.3891
4.15	-3.4117
4.16	-3.452
4.17	-3.4153
4.18	-3.4343
4.19	-3.4403
4.2	-3.429
4.21	-3.4467
4.22	-3.4263
4.23	-3.4379
4.24	-3.4373
4.25	-3.4823
4.26	-3.4499
4.27	-3.4463
4.28	-3.4361
4.29	-3.4782
4.3	-3.4526
4.31	-3.4593
4.32	-3.4751
4.33	-3.4713
4.34	-3.4777
4.35	-3.4689
4.36	-3.4806
4.37	-3.4592
4.38	-3.4914
4.39	-3.4899
4.4	-3.4987
4.41	-3.5056
4.42	-3.5221
4.43	-3.5037
4.44	-3.5022
4.45	-3.502
4.46	-3.4961
4.47	-3.5266
4.48	-3.5347
4.49	-3.5358
4.5	-3.5251
4.51	-3.5347
4.52	-3.5271
4.53	-3.5392
4.54	-3.518
4.55	-3.5444
4.56	-3.5542
4.57	-3.5279
4.58	-3.5509
4.59	-3.5343
4.6	-3.555
4.61	-3.5631
4.62	-3.5478
4.63	-3.5598
4.64	-3.5646
4.65	-3.5677
4.66	-3.5607
4.67	-3.5654
4.68	-3.5819
4.69	-3.5898
4.7	-3.5842
4.71	-3.5737
4.72	-3.5781
4.73	-3.582
4.74	-3.5833
4.75	-3.5941
4.76	-3.5966
4.77	-3.5676
4.78	-3.5857
4.79	-3.6053
4.8	-3.6043
4.81	-3.596
4.82	-3.6167
4.83	-3.6164
4.84	-3.6177
4.85	-3.5853
4.86	-3.6241
4.87	-3.6088
4.88	-3.6455
4.89	-3.6388
4.9	-3.6407
4.91	-3.6238
4.92	-3.6392
4.93	-3.6375
4.94	-3.6246
4.95	-3.6586
4.96	-3.6452
4.97	-3.6309
4.98	-3.6696
4.99	-3.6378
5	-3.6636
5.01	-3.6465
5.02	-3.7022
5.03	-3.6584
5.04	-3.6588
5.05	-3.6625
5.06	-3.6722
5.07	-3.6615
5.08	-3.6763
5.09	-3.6802
5.1	-3.675
5.11	-3.6649
5.12	-3.6839
5.13	-3.6836
5.14	-3.6741
5.15	-3.6826
5.16	-3.704
5.17	-3.6773
5.18	-3.6981
5.19	-3.7143
5.2	-3.7025
5.21	-3.7195
5.22	-3.7296
5.23	-3.7175
5.24	-3.695
5.25	-3.7159
5.26	-3.71
5.27	-3.7199
5.28	-3.7175
5.29	-3.7136
5.3	-3.7372
5.31	-3.7154
5.32	-3.7347
5.33	-3.7345
5.34	-3.7211
5.35	-3.7409
5.36	-3.7139
5.37	-3.732
5.38	-3.7304
5.39	-3.7525
5.4	-3.7071
5.41	-3.7375
5.42	-3.7239
5.43	-3.7464
5.44	-3.7484
5.45	-3.7477
5.46	-3.7715
5.47	-3.7407
5.48	-3.747
5.49	-3.7735
5.5	-3.7429
5.51	-3.7832
5.52	-3.7555
5.53	-3.7532
5.54	-3.7587
5.55	-3.7633
5.56	-3.7587
5.57	-3.7588
5.58	-3.7851
5.59	-3.7523
5.6	-3.78
5.61	-3.7764
5.62	-3.7857
5.63	-3.8131
5.64	-3.797
5.65	-3.7982
5.66	-3.7702
5.67	-3.7684
5.68	-3.7881
5.69	-3.7901
5.7	-3.803
5.71	-3.7824
5.72	-3.7987
5.73	-3.8047
5.74	-3.8375
5.75	-3.8159
5.76	-3.789
5.77	-3.8106
5.78	-3.8121
5.79	-3.813
5.8	-3.826
5.81	-3.833
5.82	-3.8214
5.83	-3.821
5.84	-3.8022
5.85	-3.8263
5.86	-3.8206
5.87	-3.8079
5.88	-3.8374
5.89	-3.8277
5.9	-3.8121
5.91	-3.844
5.92	-3.829
5.93	-3.8223
5.94	-3.8443
5.95	-3.8327
5.96	-3.8221
5.97	-3.8424
5.98	-3.8489
5.99	-3.8303
6	-3.8476
6.01	-3.834
6.02	-3.8427
6.03	-3.8615
6.04	-3.8387
6.05	-3.8336
6.06	-3.8435
6.07	-3.8613
6.08	-3.8704
6.09	-3.8469
6.1	-3.8618
6.11	-3.8562
6.12	-3.8462
6.13	-3.862
6.14	-3.8515
6.15	-3.8693
6.16	-3.8387
6.17	-3.8579
6.18	-3.8611
6.19	-3.8686
6.2	-3.8525
6.21	-3.8749
6.22	-3.8478
6.23	-3.881
6.24	-3.8699
6.25	-3.8654
6.26	-3.884
6.27	-3.8465
6.28	-3.8749
6.29	-3.8675
6.3	-3.8883
6.31	-3.8787
6.32	-3.9072
6.33	-3.8867
6.34	-3.8911
6.35	-3.8764
6.36	-3.8885
6.37	-3.8733
6.38	-3.9026
6.39	-3.8846
6.4	-3.9077
6.41	-3.8903
6.42	-3.8808
6.43	-3.892
6.44	-3.9033
6.45	-3.8735
6.46	-3.894
6.47	-3.9007
6.48	-3.9058
6.49	-3.9052
6.5	-3.8971
6.51	-3.8905
6.52	-3.8781
6.53	-3.9029
6.54	-3.8942
6.55	-3.9168
6.56	-3.9173
6.57	-3.8752
6.58	-3.9041
6.59	-3.917
6.6	-3.9138
6.61	-3.9129
6.62	-3.895
6.63	-3.9264
6.64	-3.9044
6.65	-3.9168
6.66	-3.9228
6.67	-3.9035
6.68	-3.9177
6.69	-3.9068
6.7	-3.9143
6.71	-3.9099
6.72	-3.8975
6.73	-3.9032
6.74	-3.9157
6.75	-3.9246
6.76	-3.9262
6.77	-3.9128
6.78	-3.9315
6.79	-3.9172
6.8	-3.9165
6.81	-3.9044
6.82	-3.9203
6.83	-3.9263
6.84	-3.9296
6.85	-3.9228
6.86	-3.9383
6.87	-3.9201
6.88	-3.9227
6.89	-3.9289
6.9	-3.9339
6.91	-3.9233
6.92	-3.9405
6.93	-3.9309
6.94	-3.9127
6.95	-3.9202
6.96	-3.9441
6.97	-3.938
6.98	-3.9236
6.99	-3.9434
7	-3.9323
7.01	-3.9145
7.02	-3.9342
7.03	-3.94
7.04	-3.9293
7.05	-3.9522
7.06	-3.9432
7.07	-3.9434
7.08	-3.941
7.09	-3.9421
7.1	-3.9369
7.11	-3.9389
7.12	-3.9449
7.13	-3.94
7.14	-3.9518
7.15	-3.9436
7.16	-3.9509
7.17	-3.9463
7.18	-3.951
7.19	-3.9456
7.2	-3.9452
7.21	-3.9464
7.22	-3.9331
7.23	-3.9413
7.24	-3.9534
7.25	-3.9513
7.26	-3.9515
7.27	-3.9344
7.28	-3.9446
7.29	-3.9544
7.3	-3.9527
7.31	-3.9462
7.32	-3.9648
7.33	-3.9489
7.34	-3.9542
7.35	-3.9559
7.36	-3.9596
7.37	-3.9464
7.38	-3.9498
7.39	-3.9575
7.4	-3.9598
7.41	-3.961
7.42	-3.9604
7.43	-3.958
7.44	-3.9591
7.45	-3.9656
7.46	-3.9484
7.47	-3.9566
7.48	-3.9534
7.49	-3.9521
7.5	-3.9488
7.51	-3.9574
7.52	-3.9554
7.53	-3.9637
7.54	-3.9537
7.55	-3.9469
7.56	-3.9643
7.57	-3.9669
7.58	-3.9604
7.59	-3.9679
7.6	-3.9679
7.61	-3.9622
7.62	-3.9681
7.63	-3.9633
7.64	-3.9699
7.65	-3.9576
7.66	-3.9675
7.67	-3.9673
7.68	-3.971
7.69	-3.968
7.7	-3.97
7.71	-3.9659
7.72	-3.9683
7.73	-3.9703
7.74	-3.9749
7.75	-3.9777
7.76	-3.9815
7.77	-3.9698
7.78	-3.9808
7.79	-3.9786
7.8	-3.9742
7.81	-3.9689
7.82	-3.9748
7.83	-3.9755
7.84	-3.9746
7.85	-3.9708
7.86	-3.9748
7.87	-3.967
7.88	-3.9816
7.89	-3.9806
7.9	-3.9759
7.91	-3.9788
7.92	-3.9792
7.93	-3.9824
7.94	-3.967
7.95	-3.9774
7.96	-3.9733
7.97	-3.9683
7.98	-3.983
7.99	-3.9796
8	-3.9693
8.01	-3.9724
8.02	-3.9791
8.03	-3.9743
8.04	-3.9797
8.05	-3.9732
8.06	-3.9773
8.07	-3.9722
8.08	-3.9726
8.09	-3.9872
8.1	-3.9896
8.11	-3.9841
8.12	-3.9904
8.13	-3.9689
8.14	-3.9691
8.15	-3.9666
8.16	-3.9753
8.17	-3.9729
8.18	-3.9839
8.19	-3.9736
8.2	-3.9771
8.21	-3.9746
8.22	-3.9806
8.23	-3.983
8.24	-3.9824
8.25	-3.9804
8.26	-3.977
8.27	-3.9791
8.28	-3.9847
8.29	-3.9818
8.3	-3.9832
8.31	-3.9857
8.32	-3.9816
8.33	-3.9804
8.34	-3.9821
8.35	-3.9733
8.36	-3.9856
8.37	-3.9854
8.38	-3.9874
8.39	-3.9811
8.4	-3.9892
8.41	-3.9895
8.42	-3.9861
8.43	-3.9868
8.44	-3.9741
8.45	-3.9767
8.46	-3.9843
8.47	-3.9889
8.48	-3.9886
8.49	-3.9776
8.5	-3.9944
8.51	-3.985
8.52	-3.9793
8.53	-3.9874
8.54	-3.992
8.55	-3.9844
8.56	-3.985
8.57	-3.9883
8.58	-3.9859
8.59	-3.9882
8.6	-3.9905
8.61	-3.9795
8.62	-3.977
8.63	-3.9906
8.64	-3.9884
8.65	-3.9884
8.66	-3.9812
8.67	-3.9773
8.68	-3.9888
8.69	-3.9859
8.7	-3.9805
8.71	-3.9907
8.72	-3.9816
8.73	-3.9881
8.74	-3.9914
8.75	-3.9883
8.76	-3.9892
8.77	-3.9903
8.78	-3.9865
8.79	-3.991
8.8	-3.9919
8.81	-3.9842
8.82	-3.9878
8.83	-3.9917
8.84	-3.996
8.85	-3.9944
8.86	-3.9828
8.87	-3.986
8.88	-3.988
8.89	-3.9909
8.9	-3.9917
8.91	-3.9876
8.92	-3.9877
8.93	-3.992
8.94	-3.9893
8.95	-3.9895
8.96	-3.9898
8.97	-3.9785
8.98	-3.9912
8.99	-3.9921
9	-3.9894
9.01	-3.9955
9.02	-3.9944
9.03	-3.9937
9.04	-3.9898
9.05	-3.9864
9.06	-3.9853
9.07	-3.9949
9.08	-3.9847
9.09	-3.9936
9.1	-3.9916
9.11	-3.9961
9.12	-3.9938
9.13	-3.9874
9.14	-3.9928
9.15	-3.9932
9.16	-3.9967
9.17	-3.9888
9.18	-3.9918
9.19	-3.9952
9.2	-3.9917
9.21	-3.9902
9.22	-3.9951
9.23	-3.9955
9.24	-3.9911
9.25	-3.9891
9.26	-3.9964
9.27	-3.9957
9.28	-3.9949
9.29	-3.9875
9.3	-3.9944
9.31	-3.9932
9.32	-3.9929
9.33	-3.9969
9.34	-3.9906
9.35	-3.9927
9.36	-3.9939
9.37	-3.9906
9.38	-3.9978
9.39	-3.9938
9.4	-3.9883
9.41	-3.993
9.42	-3.9905
9.43	-3.9943
9.44	-3.989
9.45	-3.9918
9.46	-3.9968
9.47	-3.9923
9.48	-3.995
9.49	-3.9982
9.5	-3.9863
9.51	-3.9932
9.52	-3.9932
9.53	-3.9984
9.54	-3.9959
9.55	-3.9951
9.56	-3.9962
9.57	-3.9886
9.58	-3.9963
9.59	-3.9969
9.6	-3.9889
9.61	-3.9947
9.62	-3.994
9.63	-3.9979
9.64	-3.9952
9.65	-3.9911
9.66	-3.9915
9.67	-3.9938
9.68	-3.9967
9.69	-3.9941
9.7	-3.9978
9.71	-3.9942
9.72	-3.9943
9.73	-3.9965
9.74	-3.9917
9.75	-3.9957
9.76	-3.9962
9.77	-3.9909
9.78	-3.9912
9.79	-3.9962
9.8	-3.9982
9.81	-3.9986
9.82	-3.9969
9.83	-3.9938
9.84	-3.9994
9.85	-3.9997
9.86	-3.9975
9.87	-3.9927
9.88	-3.996
9.89	-3.9958
9.9	-3.9968
9.91	-3.9925
9.92	-3.9955
9.93	-3.9942
9.94	-3.9955
9.95	-3.9969
9.96	-3.9983
9.97	-3.9962
9.98	-3.9969
9.99	-3.9976
10	-3.997
10.01	-3.9942
10.02	-3.9985
10.03	-3.9959
10.04	-3.9989
10.05	-3.9971
10.06	-3.9987
10.07	-3.9989
10.08	-3.9961
10.09	-3.9959
10.1	-3.9962
10.11	-3.9992
10.12	-3.9991
10.13	-3.996
10.14	-3.9968
10.15	-3.9977
10.16	-3.9994
10.17	-3.9971
10.18	-3.9985
10.19	-3.9957
10.2	-3.9974
10.21	-3.9955
10.22	-3.9984
10.23	-3.9966
10.24	-3.9948
10.25	-3.9965
10.26	-4
10.27	-3.9991
10.28	-3.9966
10.29	-3.9928
10.3	-3.9988
10.31	-3.9974
10.32	-3.995
10.33	-3.9945
10.34	-3.9984
10.35	-3.9987
10.36	-3.9981
10.37	-3.9985
10.38	-3.9926
10.39	-3.9972
10.4	-3.9969
10.41	-3.9998
10.42	-3.9977
10.43	-3.9938
10.44	-3.9915
10.45	-3.9973
10.46	-3.9965
10.47	-3.9988
10.48	-3.9969
10.49	-3.9948
10.5	-3.9986
10.51	-3.9939
10.52	-3.9971
10.53	-3.9977
10.54	-3.999
10.55	-3.9996
10.56	-3.998
10.57	-3.9969
10.58	-3.9984
10.59	-3.9986
10.6	-3.9997
10.61	-3.9991
10.62	-3.9997
10.63	-3.9991
10.64	-3.9989
10.65	-3.9994
10.66	-3.9985
10.67	-3.9969
10.68	-3.9982
10.69	-4
10.7	-3.9967
10.71	-3.9982
10.72	-3.9977
10.73	-3.9986
10.74	-3.9991
10.75	-3.9987
10.76	-3.9953
10.77	-3.9998
10.78	-3.9999
10.79	-3.9987
10.8	-3.9996
10.81	-3.9981
10.82	-3.9981
10.83	-4
10.84	-3.9977
10.85	-3.9992
10.86	-3.999
10.87	-3.9981
10.88	-3.9998
10.89	-3.9992
10.9	-3.9987
10.91	-3.9991
10.92	-3.9981
10.93	-3.9989
10.94	-3.9976
10.95	-3.9996
10.96	-4
10.97	-3.9983
10.98	-3.9962
10.99	-3.9974
11	-3.9989
11.01	-3.9984
11.02	-3.9996
11.03	-3.9997
11.04	-3.9989
11.05	-3.9968
11.06	-3.999
11.07	-3.9995
11.08	-3.9984
11.09	-3.9987
11.1	-3.9994
11.11	-4
11.12	-3.9992
11.13	-3.9989
11.14	-3.9979
11.15	-4
11.16	-3.9988
11.17	-3.9987
11.18	-3.9966
11.19	-4
11.2	-3.9994
11.21	-3.9975
11.22	-3.9983
11.23	-3.9982
11.24	-4
11.25	-3.9989
11.26	-4
11.27	-3.9993
11.28	-4
11.29	-3.9994
11.3	-3.9968
11.31	-3.9994
11.32	-3.9982
11.33	-4
11.34	-3.9989
11.35	-3.9968
11.36	-4
11.37	-3.9982
11.38	-4
11.39	-4
11.4	-3.9989
11.41	-3.9995
11.42	-3.9993
11.43	-3.9994
11.44	-3.9999
11.45	-4
11.46	-3.998
11.47	-3.9986
11.48	-4
11.49	-3.9993
11.5	-4
11.51	-3.9999
11.52	-3.9986
11.53	-3.9991
11.54	-4
11.55	-3.9992
11.56	-3.9979
11.57	-3.9995
11.58	-4
11.59	-4
11.6	-3.9997
11.61	-4
11.62	-3.9994
11.63	-3.9977
11.64	-4
11.65	-3.9998
11.66	-3.9998
11.67	-4
11.68	-3.9979
11.69	-3.9977
11.7	-4
11.71	-3.9999
11.72	-4
11.73	-3.9995
11.74	-3.9996
11.75	-4
11.76	-4
11.77	-4
11.78	-3.9999
11.79	-3.9999
11.8	-3.9988
11.81	-3.9999
11.82	-4
11.83	-3.9998
11.84	-4
11.85	-4
11.86	-4
11.87	-3.9987
11.88	-3.9991
11.89	-3.9993
11.9	-3.9992
11.91	-3.9997
11.92	-3.9996
11.93	-3.9994
11.94	-3.9991
11.95	-3.9991
11.96	-4
11.97	-3.9973
11.98	-3.9987
11.99	-3.9997
12	-4
12.01	-4
12.02	-4
12.03	-3.9991
12.04	-3.9984
12.05	-3.9996
12.06	-3.9987
12.07	-3.9997
12.08	-3.9994
12.09	-3.9986
12.1	-3.9989
12.11	-4
12.12	-3.9999
12.13	-4
12.14	-4
12.15	-3.9991
12.16	-3.9997
12.17	-4
12.18	-4
12.19	-3.9993
12.2	-4
12.21	-4
12.22	-4
12.23	-4
12.24	-4
12.25	-3.9986
12.26	-4
12.27	-4
12.28	-4
12.29	-3.9996
12.3	-3.9981
12.31	-3.9996
12.32	-4
12.33	-4
12.34	-4
12.35	-4
12.36	-4
12.37	-3.9993
12.38	-3.9998
12.39	-4
12.4	-4
12.41	-3.9974
12.42	-4
12.43	-3.9998
12.44	-3.9998
12.45	-4
12.46	-4
12.47	-3.9991
12.48	-4
12.49	-4
12.5	-4
12.51	-4
12.52	-4
12.53	-4
12.54	-4
12.55	-3.9998
12.56	-4
12.57	-4
12.58	-3.9989
12.59	-4
12.6	-4
12.61	-4
12.62	-4
12.63	-3.9995
12.64	-3.9998
12.65	-4
12.66	-4
12.67	-4
12.68	-4
12.69	-4
12.7	-3.9999
12.71	-4
12.72	-4
12.73	-4
12.74	-4
12.75	-3.9986
12.76	-4
12.77	-4
12.78	-4
12.79	-4
12.8	-4
12.81	-3.9995
12.82	-4
12.83	-4
12.84	-4
12.85	-3.9984
12.86	-3.9999
12.87	-4
12.88	-3.9996
12.89	-3.999
12.9	-4
12.91	-4
12.92	-4
12.93	-4
12.94	-4
12.95	-4
12.96	-4
12.97	-4
12.98	-3.9996
12.99	-4
13	-4
13.01	-4
13.02	-4
13.03	-4
13.04	-4
13.05	-4
13.06	-4
13.07	-4
13.08	-4
13.09	-4
13.1	-4
13.11	-4
13.12	-3.999
13.13	-4
13.14	-4
13.15	-4
13.16	-4
13.17	-4
13.18	-4
13.19	-4
13.2	-4
13.21	-4
13.22	-4
13.23	-3.9997
13.24	-4
13.25	-4
13.26	-4
13.27	-4
13.28	-3.9995
13.29	-3.9987
13.3	-4
13.31	-4
13.32	-4
13.33	-4
13.34	-3.9981
13.35	-4
13.36	-4
13.37	-4
13.38	-4
13.39	-3.9999
13.4	-4
13.41	-4
13.42	-4
13.43	-4
13.44	-3.9994
13.45	-4
13.46	-4
13.47	-3.9998
13.48	-4
13.49	-4
13.5	-4
13.51	-3.9998
13.52	-4
13.53	-4
13.54	-3.9995
13.55	-3.9998
13.56	-4
13.57	-4
13.58	-4
13.59	-4
13.6	-4
13.61	-4
13.62	-3.9993
13.63	-4
13.64	-4
13.65	-4
13.66	-4
13.67	-3.9992
13.68	-4
13.69	-3.9995
13.7	-4
13.71	-4
13.72	-4
13.73	-4
13.74	-4
13.75	-4
13.76	-3.9999
13.77	-4
13.78	-4
13.79	-4
13.8	-3.9996
13.81	-4
13.82	-3.9999
13.83	-4
13.84	-4
13.85	-4
13.86	-4
13.87	-4
13.88	-4
13.89	-4
13.9	-4
13.91	-4
13.92	-4
13.93	-4
13.94	-4
13.95	-4
13.96	-4
13.97	-4
13.98	-3.9999
13.99	-3.9995
14	-4
14.01	-4
14.02	-4
14.03	-4
14.04	-4
14.05	-4
14.06	-4
14.07	-4
14.08	-4
14.09	-4
14.1	-4
14.11	-3.9998
14.12	-3.9998
14.13	-4
14.14	-4
14.15	-4
14.16	-4
14.17	-4
14.18	-4
14.19	-4
14.2	-4
14.21	-4
14.22	-4
14.23	-4
14.24	-4
14.25	-4
14.26	-3.9997
14.27	-4
14.28	-4
14.29	-4
14.3	-3.9999
14.31	-4
14.32	-4
14.33	-4
14.34	-4
14.35	-4
14.36	-4
14.37	-4
14.38	-4
14.39	-4
14.4	-4
14.41	-4
14.42	-4
14.43	-4
14.44	-4
14.45	-4
14.46	-4
14.47	-3.9999
14.48	-4
14.49	-4
14.5	-3.9995
14.51	-4
14.52	-3.9985
14.53	-4
14.54	-4
14.55	-4
14.56	-4
14.57	-4
14.58	-4
14.59	-4
14.6	-4
14.61	-4
14.62	-4
14.63	-4
14.64	-4
14.65	-4
14.66	-4
14.67	-4
14.68	-4
14.69	-4
14.7	-4
14.71	-4
14.72	-4
14.73	-4
14.74	-4
14.75	-4
14.76	-4
14.77	-4
14.78	-4
14.79	-4
14.8	-4
14.81	-3.9993
14.82	-4
14.83	-4
14.84	-4
14.85	-4
14.86	-4
14.87	-4
14.88	-4
14.89	-4
14.9	-4
14.91	-4
14.92	-4
14.93	-4
14.94	-4
14.95	-4
14.96	-4
14.97	-4
14.98	-4
14.99	-4
15	-4
15.01	-4
15.02	-4
15.03	-4
15.04	-4
15.05	-4
15.06	-4
15.07	-4
15.08	-4
15.09	-4
15.1	-4
15.11	-4
15.12	-4
15.13	-4
15.14	-4
15.15	-4
15.16	-4
15.17	-4
15.18	-4
15.19	-4
15.2	-4
15.21	-4
15.22	-4
15.23	-4
15.24	-4
15.25	-4
15.26	-4
15.27	-4
15.28	-4
15.29	-4
15.3	-4
15.31	-4
15.32	-4
15.33	-4
15.34	-4
15.35	-4
15.36	-4
15.37	-4
15.38	-4
15.39	-4
15.4	-4
15.41	-4
15.42	-4
15.43	-4
15.44	-4
15.45	-4
15.46	-4
15.47	-4
15.48	-4
15.49	-4
15.5	-4
15.51	-4
15.52	-4
15.53	-4
15.54	-4
15.55	-4
15.56	-4
15.57	-4
15.58	-4
15.59	-4
15.6	-4
15.61	-4
15.62	-3.9999
15.63	-4
15.64	-4
15.65	-4
15.66	-4
15.67	-4
15.68	-4
15.69	-4
15.7	-4
15.71	-4
15.72	-4
15.73	-4
15.74	-4
15.75	-4
15.76	-4
15.77	-4
15.78	-4
15.79	-4
15.8	-3.9998
15.81	-4
15.82	-4
15.83	-4
15.84	-4
15.85	-4
15.86	-4
15.87	-4
15.88	-4
15.89	-4
15.9	-4
15.91	-4
15.92	-4
15.93	-4
15.94	-4
15.95	-4
15.96	-4
15.97	-4
15.98	-4
15.99	-4
16	-4
16.01	-4
16.02	-4
16.03	-4
16.04	-4
16.05	-4
16.06	-4
16.07	-4
16.08	-4
16.09	-4
16.1	-4
16.11	-4
16.12	-4
16.13	-4
16.14	-4
16.15	-4
16.16	-4
16.17	-4
16.18	-4
16.19	-4
16.2	-4
16.21	-4
16.22	-4
16.23	-4
16.24	-4
16.25	-4
16.26	-4
16.27	-4
16.28	-4
16.29	-4
16.3	-4
16.31	-4
16.32	-4
16.33	-4
16.34	-4
16.35	-4
16.36	-4
16.37	-4
16.38	-4
16.39	-4
16.4	-4
16.41	-4
16.42	-4
16.43	-4
16.44	-4
16.45	-3.9992
16.46	-4
16.47	-4
16.48	-4
16.49	-4
16.5	-4
16.51	-4
16.52	-4
16.53	-4
16.54	-4
16.55	-4
16.56	-4
16.57	-4
16.58	-4
16.59	-4
16.6	-4
16.61	-4
16.62	-4
16.63	-4
16.64	-4
16.65	-4
16.66	-4
16.67	-4
16.68	-4
16.69	-4
16.7	-4
16.71	-4
16.72	-4
16.73	-4
16.74	-4
16.75	-4
16.76	-4
16.77	-4
16.78	-4
16.79	-4
16.8	-4
16.81	-4
16.82	-4
16.83	-4
16.84	-4
16.85	-4
16.86	-4
16.87	-4
16.88	-4
16.89	-4
16.9	-4
16.91	-4
16.92	-4
16.93	-4
16.94	-4
16.95	-4
16.96	-4
16.97	-4
16.98	-4
16.99	-4
17	-4
17.01	-4
17.02	-4
17.03	-4
17.04	-4
17.05	-4
17.06	-4
17.07	-4
17.08	-4
17.09	-4
17.1	-4
17.11	-4
17.12	-4
17.13	-4
17.14	-4
17.15	-4
17.16	-4
17.17	-4
17.18	-4
17.19	-4
17.2	-4
17.21	-4
17.22	-4
17.23	-4
17.24	-3.9995
17.25	-4
17.26	-4
17.27	-4
17.28	-4
17.29	-4
17.3	-4
17.31	-4
17.32	-4
17.33	-4
17.34	-4
17.35	-4
17.36	-4
17.37	-4
17.38	-4
17.39	-4
17.4	-4
17.41	-4
17.42	-4
17.43	-4
17.44	-4
17.45	-4
17.46	-4
17.47	-4
17.48	-4
17.49	-4
17.5	-4
17.51	-4
17.52	-4
17.53	-4
17.54	-4
17.55	-4
17.56	-4
17.57	-4
17.58	-4
17.59	-4
17.6	-4
17.61	-4
17.62	-4
17.63	-4
17.64	-4
17.65	-4
17.66	-4
17.67	-4
17.68	-4
17.69	-4
17.7	-4
17.71	-4
17.72	-4
17.73	-4
17.74	-4
17.75	-4
17.76	-4
17.77	-4
17.78	-4
17.79	-4
17.8	-4
17.81	-4
17.82	-4
17.83	-4
17.84	-4
17.85	-4
17.86	-4
17.87	-4
17.88	-4
17.89	-4
17.9	-4
17.91	-4
17.92	-4
17.93	-4
17.94	-4
17.95	-4
17.96	-4
17.97	-4
17.98	-4
17.99	-4
18	-4
18.01	-4
18.02	-4
18.03	-4
18.04	-4
18.05	-4
18.06	-4
18.07	-4
18.08	-4
18.09	-4
18.1	-4
18.11	-4
18.12	-4
18.13	-4
18.14	-4
18.15	-4
18.16	-4
18.17	-4
18.18	-4
18.19	-4
18.2	-4
18.21	-4
18.22	-4
18.23	-4
18.24	-4
18.25	-4
18.26	-4
18.27	-4
18.28	-4
18.29	-4
18.3	-4
18.31	-4
18.32	-4
18.33	-4
18.34	-4
18.35	-4
18.36	-4
18.37	-4
18.38	-4
18.39	-4
18.4	-4
18.41	-4
18.42	-4
18.43	-4
18.44	-4
18.45	-4
18.46	-4
18.47	-4
18.48	-4
18.49	-4
18.5	-4
18.51	-4
18.52	-4
18.53	-4
18.54	-4
18.55	-4
18.56	-4
18.57	-4
18.58	-4
18.59	-4
18.6	-4
18.61	-4
18.62	-4
18.63	-4
18.64	-4
18.65	-4
18.66	-4
18.67	-4
18.68	-4
18.69	-4
18.7	-4
18.71	-4
18.72	-4
18.73	-4
18.74	-4
18.75	-4
18.76	-4
18.77	-4
18.78	-4
18.79	-4
18.8	-4
18.81	-4
18.82	-4
18.83	-4
18.84	-4
18.85	-4
18.86	-4
18.87	-4
18.88	-4
18.89	-4
18.9	-4
18.91	-4
18.92	-4
18.93	-4
18.94	-4
18.95	-4
18.96	-4
18.97	-4
18.98	-4
18.99	-4
19	-4
19.01	-4
19.02	-4
19.03	-4
19.04	-4
19.05	-4
19.06	-4
19.07	-4
19.08	-4
19.09	-4
19.1	-4
19.11	-4
19.12	-4
19.13	-4
19.14	-4
19.15	-4
19.16	-4
19.17	-4
19.18	-4
19.19	-4
19.2	-4
19.21	-4
19.22	-4
19.23	-4
19.24	-4
19.25	-4
19.26	-4
19.27	-4
19.28	-4
19.29	-4
19.3	-4
19.31	-4
19.32	-4
19.33	-4
19.34	-4
19.35	-4
19.36	-4
19.37	-4
19.38	-4
19.39	-4
19.4	-4
19.41	-4
19.42	-4
19.43	-4
19.44	-4
19.45	-4
19.46	-4
19.47	-4
19.48	-4
19.49	-4
19.5	-4
19.51	-4
19.52	-4
19.53	-4
19.54	-4
19.55	-4
19.56	-4
19.57	-4
19.58	-4
19.59	-4
19.6	-4
19.61	-4
19.62	-4
19.63	-4
19.64	-4
19.65	-4
19.66	-4
19.67	-4
19.68	-4
19.69	-4
19.7	-4
19.71	-4
19.72	-4
19.73	-4
19.74	-4
19.75	-4
19.76	-4
19.77	-4
19.78	-4
19.79	-4
19.8	-4
19.81	-4
19.82	-4
19.83	-4
19.84	-4
19.85	-4
19.86	-4
19.87	-4
19.88	-4
19.89	-4
19.9	-4
19.91	-4
19.92	-4
19.93	-4
19.94	-4
19.95	-4
19.96	-4
19.97	-4
19.98	-4
19.99	-4
20	-4
20.01	-4
20.02	-4
20.03	-4
20.04	-4
20.05	-4
20.06	-4
20.07	-4
20.08	-4
20.09	-4
20.1	-4
20.11	-4
20.12	-4
20.13	-4
20.14	-4
20.15	-4
20.16	-4
20.17	-4
20.18	-4
20.19	-4
20.2	-4
20.21	-4
20.22	-4
20.23	-4
20.24	-4
20.25	-4
20.26	-4
20.27	-4
20.28	-4
20.29	-4
20.3	-4
20.31	-4
20.32	-4
20.33	-4
20.34	-4
20.35	-4
20.36	-4
20.37	-4
20.38	-4
20.39	-4
20.4	-4
20.41	-4
20.42	-4
20.43	-4
20.44	-4
20.45	-4
20.46	-4
20.47	-4
20.48	-4
20.49	-4
20.5	-4
20.51	-4
20.52	-4
20.53	-4
20.54	-4
20.55	-4
20.56	-4
20.57	-4
20.58	-4
20.59	-4
20.6	-4
20.61	-4
20.62	-4
20.63	-4
20.64	-4
20.65	-4
20.66	-4
20.67	-4
20.68	-4
20.69	-4
20.7	-4
20.71	-4
20.72	-4
20.73	-4
20.74	-4
20.75	-4
20.76	-4
20.77	-4
20.78	-4
20.79	-4
20.8	-4
20.81	-4
20.82	-4
20.83	-4
20.84	-4
20.85	-4
20.86	-4
20.87	-4
20.88	-4
20.89	-4
20.9	-4
20.91	-4
20.92	-4
20.93	-4
20.94	-4
20.95	-4
20.96	-4
20.97	-4
20.98	-4
20.99	-4
21	-4
21.01	-4
21.02	-4
21.03	-4
21.04	-4
21.05	-4
21.06	-4
21.07	-4
21.08	-4
21.09	-4
21.1	-4
21.11	-4
21.12	-4
21.13	-4
21.14	-4
21.15	-4
21.16	-4
21.17	-4
21.18	-4
21.19	-4
21.2	-4
21.21	-4
21.22	-4
21.23	-4
21.24	-4
21.25	-4
21.26	-4
21.27	-4
21.28	-4
21.29	-4
21.3	-4
21.31	-4
21.32	-4
21.33	-4
21.34	-4
21.35	-4
21.36	-4
21.37	-4
21.38	-4
21.39	-4
21.4	-4
21.41	-4
21.42	-4
21.43	-4
21.44	-4
21.45	-4
21.46	-4
21.47	-4
21.48	-4
21.49	-4
21.5	-4
21.51	-4
21.52	-4
21.53	-4
21.54	-4
21.55	-4
21.56	-4
21.57	-4
21.58	-4
21.59	-4
21.6	-4
21.61	-4
21.62	-4
21.63	-4
21.64	-4
21.65	-4
21.66	-4
21.67	-4
21.68	-4
21.69	-4
21.7	-4
21.71	-4
21.72	-4
21.73	-4
21.74	-4
21.75	-4
21.76	-4
21.77	-4
21.78	-4
21.79	-4
21.8	-4
21.81	-4
21.82	-4
21.83	-4
21.84	-4
21.85	-4
21.86	-4
21.87	-4
21.88	-4
21.89	-4
21.9	-4
21.91	-4
21.92	-4
21.93	-4
21.94	-4
21.95	-4
21.96	-4
21.97	-4
21.98	-4
21.99	-4
22	-4
22.01	-4
22.02	-4
22.03	-4
22.04	-4
22.05	-4
22.06	-4
22.07	-4
22.08	-4
22.09	-4
22.1	-4
22.11	-4
22.12	-4
22.13	-4
22.14	-4
22.15	-4
22.16	-4
22.17	-4
22.18	-4
22.19	-4
22.2	-4
22.21	-4
22.22	-4
22.23	-4
22.24	-4
22.25	-4
22.26	-4
22.27	-4
22.28	-4
22.29	-4
22.3	-4
22.31	-4
22.32	-4
22.33	-4
22.34	-4
22.35	-4
22.36	-4
22.37	-4
22.38	-4
22.39	-4
22.4	-4
22.41	-4
22.42	-4
22.43	-4
22.44	-4
22.45	-4
22.46	-4
22.47	-4
22.48	-4
22.49	-4
22.5	-4
22.51	-4
22.52	-4
22.53	-4
22.54	-4
22.55	-4
22.56	-4
22.57	-4
22.58	-4
22.59	-4
22.6	-4
22.61	-4
22.62	-4
22.63	-4
22.64	-4
22.65	-4
22.66	-4
22.67	-4
22.68	-4
22.69	-4
22.7	-4
22.71	-4
22.72	-4
22.73	-4
22.74	-4
22.75	-4
22.76	-4
22.77	-4
22.78	-4
22.79	-4
22.8	-4
22.81	-4
22.82	-4
22.83	-4
22.84	-4
22.85	-4
22.86	-4
22.87	-4
22.88	-4
22.89	-4
22.9	-4
22.91	-4
22.92	-4
22.93	-4
22.94	-4
22.95	-4
22.96	-4
22.97	-4
22.98	-4
22.99	-4
23	-4
23.01	-4
23.02	-4
23.03	-4
23.04	-4
23.05	-4
23.06	-4
23.07	-4
23.08	-4
23.09	-4
23.1	-4
23.11	-4
23.12	-4
23.13	-4
23.14	-4
23.15	-4
23.16	-4
23.17	-4
23.18	-4
23.19	-4
23.2	-4
23.21	-4
23.22	-4
23.23	-4
23.24	-4
23.25	-4
23.26	-4
23.27	-4
23.28	-4
23.29	-4
23.3	-4
23.31	-4
23.32	-4
23.33	-4
23.34	-4
23.35	-4
23.36	-4
23.37	-4
23.38	-4
23.39	-4
23.4	-4
23.41	-4
23.42	-4
23.43	-4
23.44	-4
23.45	-4
23.46	-4
23.47	-4
23.48	-4
23.49	-4
23.5	-4
23.51	-4
23.52	-4
23.53	-4
23.54	-4
23.55	-4
23.56	-4
23.57	-4
23.58	-4
23.59	-4
23.6	-4
23.61	-4
23.62	-4
23.63	-4
23.64	-4
23.65	-4
23.66	-4
23.67	-4
23.68	-4
23.69	-4
23.7	-4
23.71	-4
23.72	-4
23.73	-4
23.74	-4
23.75	-4
23.76	-4
23.77	-4
23.78	-4
23.79	-4
23.8	-4
23.81	-4
23.82	-4
23.83	-4
23.84	-4
23.85	-4
23.86	-4
23.87	-4
23.88	-4
23.89	-4
23.9	-4
23.91	-4
23.92	-4
23.93	-4
23.94	-4
23.95	-4
23.96	-4
23.97	-4
23.98	-4
23.99	-4
24	-4
24.01	-4
24.02	-4
24.03	-4
24.04	-4
24.05	-4
24.06	-4
24.07	-4
24.08	-4
24.09	-4
24.1	-4
24.11	-4
24.12	-4
24.13	-4
24.14	-4
24.15	-4
24.16	-4
24.17	-4
24.18	-4
24.19	-4
24.2	-4
24.21	-4
24.22	-4
24.23	-4
24.24	-4
24.25	-4
24.26	-4
24.27	-4
24.28	-4
24.29	-4
24.3	-4
24.31	-4
24.32	-4
24.33	-4
24.34	-4
24.35	-4
24.36	-4
24.37	-4
24.38	-4
24.39	-4
24.4	-4
24.41	-4
24.42	-4
24.43	-4
24.44	-4
24.45	-4
24.46	-4
24.47	-4
24.48	-4
24.49	-4
24.5	-4
24.51	-4
24.52	-4
24.53	-4
24.54	-4
24.55	-4
24.56	-4
24.57	-4
24.58	-4
24.59	-4
24.6	-4
24.61	-4
24.62	-4
24.63	-4
24.64	-4
24.65	-4
24.66	-4
24.67	-4
24.68	-4
24.69	-4
24.7	-4
24.71	-4
24.72	-4
24.73	-4
24.74	-4
24.75	-4
24.76	-4
24.77	-4
24.78	-4
24.79	-4
24.8	-4
24.81	-4
24.82	-4
24.83	-4
24.84	-4
24.85	-4
24.86	-4
24.87	-4
24.88	-4
24.89	-4
24.9	-4
24.91	-4
24.92	-4
24.93	-4
24.94	-4
24.95	-4
24.96	-4
24.97	-4
24.98	-4
24.99	-4
25	-4
25.01	-4
25.02	-4
25.03	-4
25.04	-4
25.05	-4
25.06	-4
25.07	-4
25.08	-4
25.09	-4
25.1	-4
25.11	-4
25.12	-4
25.13	-4
25.14	-4
25.15	-4
25.16	-4
25.17	-4
25.18	-4
25.19	-4
25.2	-4
25.21	-4
25.22	-4
25.23	-4
25.24	-4
25.25	-4
25.26	-4
25.27	-4
25.28	-4
25.29	-4
25.3	-4
25.31	-4
25.32	-4
25.33	-4
25.34	-4
25.35	-4
25.36	-4
25.37	-4
25.38	-4
25.39	-4
25.4	-4
25.41	-4
25.42	-4
25.43	-4
25.44	-4
25.45	-4
25.46	-4
25.47	-4
25.48	-4
25.49	-4
25.5	-4
25.51	-4
25.52	-4
25.53	-4
25.54	-4
25.55	-4
25.56	-4
25.57	-4
25.58	-4
25.59	-4
25.6	-4
25.61	-4
25.62	-4
25.63	-4
25.64	-4
25.65	-4
25.66	-4
25.67	-4
25.68	-4
25.69	-4
25.7	-4
25.71	-4
25.72	-4
25.73	-4
25.74	-4
25.75	-4
25.76	-4
25.77	-4
25.78	-4
25.79	-4
25.8	-4
25.81	-4
25.82	-4
25.83	-4
25.84	-4
25.85	-4
25.86	-4
25.87	-4
25.88	-4
25.89	-4
25.9	-4
25.91	-4
25.92	-4
25.93	-4
25.94	-4
25.95	-4
25.96	-4
25.97	-4
25.98	-4
25.99	-4
26	-4
26.01	-4
26.02	-4
26.03	-4
26.04	-4
26.05	-4
26.06	-4
26.07	-4
26.08	-4
26.09	-4
26.1	-4
26.11	-4
26.12	-4
26.13	-4
26.14	-4
26.15	-4
26.16	-4
26.17	-4
26.18	-4
26.19	-4
26.2	-4
26.21	-4
26.22	-4
26.23	-4
26.24	-4
26.25	-4
26.26	-4
26.27	-4
26.28	-4
26.29	-4
26.3	-4
26.31	-4
26.32	-4
26.33	-4
26.34	-4
26.35	-4
26.36	-4
26.37	-4
26.38	-4
26.39	-4
26.4	-4
26.41	-4
26.42	-4
26.43	-4
26.44	-4
26.45	-4
26.46	-4
26.47	-4
26.48	-4
26.49	-4
26.5	-4
26.51	-4
26.52	-4
26.53	-4
26.54	-4
26.55	-4
26.56	-4
26.57	-4
26.58	-4
26.59	-4
26.6	-4
26.61	-4
26.62	-4
26.63	-4
26.64	-4
26.65	-4
26.66	-4
26.67	-4
26.68	-4
26.69	-4
26.7	-4
26.71	-4
26.72	-4
26.73	-4
26.74	-4
26.75	-4
26.76	-4
26.77	-4
26.78	-4
26.79	-4
26.8	-4
26.81	-4
26.82	-4
26.83	-4
26.84	-4
26.85	-4
26.86	-4
26.87	-4
26.88	-4
26.89	-4
26.9	-4
26.91	-4
26.92	-4
26.93	-4
26.94	-4
26.95	-4
26.96	-4
26.97	-4
26.98	-4
26.99	-4
27	-4
27.01	-4
27.02	-4
27.03	-4
27.04	-4
27.05	-4
27.06	-4
27.07	-4
27.08	-4
27.09	-4
27.1	-4
27.11	-4
27.12	-4
27.13	-4
27.14	-4
27.15	-4
27.16	-4
27.17	-4
27.18	-4
27.19	-4
27.2	-4
27.21	-4
27.22	-4
27.23	-4
27.24	-4
27.25	-4
27.26	-4
27.27	-4
27.28	-4
27.29	-4
27.3	-4
27.31	-4
27.32	-4
27.33	-4
27.34	-4
27.35	-4
27.36	-4
27.37	-4
27.38	-4
27.39	-4
27.4	-4
27.41	-4
27.42	-4
27.43	-4
27.44	-4
27.45	-4
27.46	-4
27.47	-4
27.48	-4
27.49	-4
27.5	-4
27.51	-4
27.52	-4
27.53	-4
27.54	-4
27.55	-4
27.56	-4
27.57	-4
27.58	-4
27.59	-4
27.6	-4
27.61	-4
27.62	-4
27.63	-4
27.64	-4
27.65	-4
27.66	-4
27.67	-4
27.68	-4
27.69	-4
27.7	-4
27.71	-4
27.72	-4
27.73	-4
27.74	-4
27.75	-4
27.76	-4
27.77	-4
27.78	-4
27.79	-4
27.8	-4
27.81	-4
27.82	-4
27.83	-4
27.84	-4
27.85	-4
27.86	-4
27.87	-4
27.88	-4
27.89	-4
27.9	-4
27.91	-4
27.92	-4
27.93	-4
27.94	-4
27.95	-4
27.96	-4
27.97	-4
27.98	-4
27.99	-4
28	-4
28.01	-4
28.02	-4
28.03	-4
28.04	-4
28.05	-4
28.06	-4
28.07	-4
28.08	-4
28.09	-4
28.1	-4
28.11	-4
28.12	-4
28.13	-4
28.14	-4
28.15	-4
28.16	-4
28.17	-4
28.18	-4
28.19	-4
28.2	-4
28.21	-4
28.22	-4
28.23	-4
28.24	-4
28.25	-4
28.26	-4
28.27	-4
28.28	-4
28.29	-4
28.3	-4
28.31	-4
28.32	-4
28.33	-4
28.34	-4
28.35	-4
28.36	-4
28.37	-4
28.38	-4
28.39	-4
28.4	-4
28.41	-4
28.42	-4
28.43	-4
28.44	-4
28.45	-4
28.46	-4
28.47	-4
28.48	-4
28.49	-4
28.5	-4
28.51	-4
28.52	-4
28.53	-4
28.54	-4
28.55	-4
28.56	-4
28.57	-4
28.58	-4
28.59	-4
28.6	-4
28.61	-4
28.62	-4
28.63	-4
28.64	-4
28.65	-4
28.66	-4
28.67	-4
28.68	-4
28.69	-4
28.7	-4
28.71	-4
28.72	-4
28.73	-4
28.74	-4
28.75	-4
28.76	-4
28.77	-4
28.78	-4
28.79	-4
28.8	-4
28.81	-4
28.82	-4
28.83	-4
28.84	-4
28.85	-4
28.86	-4
28.87	-4
28.88	-4
28.89	-4
28.9	-4
28.91	-4
28.92	-4
28.93	-4
28.94	-4
28.95	-4
28.96	-4
28.97	-4
28.98	-4
28.99	-4
29	-4
29.01	-4
29.02	-4
29.03	-4
29.04	-4
29.05	-4
29.06	-4
29.07	-4
29.08	-4
29.09	-4
29.1	-4
29.11	-4
29.12	-4
29.13	-4
29.14	-4
29.15	-4
29.16	-4
29.17	-4
29.18	-4
29.19	-4
29.2	-4
29.21	-4
29.22	-4
29.23	-4
29.24	-4
29.25	-4
29.26	-4
29.27	-4
29.28	-4
29.29	-4
29.3	-4
29.31	-4
29.32	-4
29.33	-4
29.34	-4
29.35	-4
29.36	-4
29.37	-4
29.38	-4
29.39	-4
29.4	-4
29.41	-4
29.42	-4
29.43	-4
29.44	-4
29.45	-4
29.46	-4
29.47	-4
29.48	-4
29.49	-4
29.5	-4
29.51	-4
29.52	-4
29.53	-4
29.54	-4
29.55	-4
29.56	-4
29.57	-4
29.58	-4
29.59	-4
29.6	-4
29.61	-4
29.62	-4
29.63	-4
29.64	-4
29.65	-4
29.66	-4
29.67	-4
29.68	-4
29.69	-4
29.7	-4
29.71	-4
29.72	-4
29.73	-4
29.74	-4
29.75	-4
29.76	-4
29.77	-4
29.78	-4
29.79	-4
29.8	-4
29.81	-4
29.82	-4
29.83	-4
29.84	-4
29.85	-4
29.86	-4
29.87	-4
29.88	-4
29.89	-4
29.9	-4
29.91	-4
29.92	-4
29.93	-4
29.94	-4
29.95	-4
29.96	-4
29.97	-4
29.98	-4
29.99	-4
30	-4
