0	0.0647
0.01	-0.0859
0.02	-0.1772
0.03	-0.373
0.04	-0.4108
0.05	-0.6301
0.06	-0.754
0.07	-0.815
0.08	-0.8954
0.09	-0.9924
0.1	-1.1558
0.11	-1.2056
0.12	-1.3196
0.13	-1.375
0.14	-1.5606
0.15	-1.6573
0.16	-1.8377
0.17	-1.8597
0.18	-2.0034
0.19	-2.0627
0.2	-2.1783
0.21	-2.2404
0.22	-2.3512
0.23	-2.4823
0.24	-2.5535
0.25	-2.6964
0.26	-2.7423
0.27	-2.825
0.28	-2.9375
0.29	-3.0619
0.3	-3.099
0.31	-3.2323
0.32	-3.3098
0.33	-3.3796
0.34	-3.4353
0.35	-3.5374
0.36	-3.6185
0.37	-3.7183
0.38	-3.8334
0.39	-3.9069
0.4	-4.0199
0.41	-4.0768
0.42	-4.1964
0.43	-4.2171
0.44	-4.3502
0.45	-4.3809
0.46	-4.4145
0.47	-4.5247
0.48	-4.6019
0.49	-4.6775
0.5	-4.7509
0.51	-4.8498
0.52	-4.9393
0.53	-5.0077
0.54	-5.0823
0.55	-5.1755
0.56	-5.2227
0.57	-5.334
0.58	-5.3813
0.59	-5.417
0.6	-5.4952
0.61	-5.566
0.62	-5.6665
0.63	-5.7182
0.64	-5.7229
0.65	-5.8464
0.66	-5.9681
0.67	-5.9418
0.68	-6.0558
0.69	-6.1215
0.7	-6.1874
0.71	-6.2293
0.72	-6.3357
0.73	-6.3623
0.74	-6.4833
0.75	-6.4927
0.76	-6.5238
0.77	-6.6353
0.78	-6.671
0.79	-6.7919
0.8	-6.8368
0.81	-6.8729
0.82	-6.9052
0.83	-6.9735
0.84	-7.0419
0.85	-7.0714
0.86	-7.2221
0.87	-7.2192
0.88	-7.2638
0.89	-7.2974
0.9	-7.3554
0.91	-7.4394
0.92	-7.4811
0.93	-7.5206
0.94	-7.5892
0.95	-7.6291
0.96	-7.7089
0.97	-7.772
0.98	-7.8002
0.99	-7.8706
1	-7.9329
1.01	-7.9707
1.02	-8.037
1.03	-8.0869
1.04	-8.1114
1.05	-8.1237
1.06	-8.1964
1.07	-8.2497
1.08	-8.3169
1.09	-8.3564
1.1	-8.4458
1.11	-8.4616
1.12	-8.4992
1.13	-8.5218
1.14	-8.6196
1.15	-8.6452
1.16	-8.6958
1.17	-8.7704
1.18	-8.814
1.19	-8.8377
1.2	-8.8274
1.21	-8.8896
1.22	-8.9787
1.23	-9.0139
1.24	-9.0141
1.25	-9.0788
1.26	-9.1714
1.27	-9.1947
1.28	-9.1923
1.29	-9.2621
1.3	-9.3096
1.31	-9.3672
1.32	-9.4139
1.33	-9.4652
1.34	-9.4358
1.35	-9.4453
1.36	-9.5993
1.37	-9.6025
1.38	-9.6735
1.39	-9.6452
1.4	-9.7346
1.41	-9.7311
1.42	-9.7604
1.43	-9.8248
1.44	-9.8329
1.45	-9.9243
1.46	-9.9265
1.47	-10.0111
1.48	-10.0357
1.49	-10.0458
1.5	-10.0893
1.51	-10.112
1.52	-10.1544
1.53	-10.2238
1.54	-10.241
1.55	-10.306
1.56	-10.2988
1.57	-10.3638
1.58	-10.398
1.59	-10.4144
1.6	-10.5027
1.61	-10.4679
1.62	-10.5333
1.63	-10.5717
1.64	-10.5632
1.65	-10.6327
1.66	-10.6977
1.67	-10.7173
1.68	-10.7418
1.69	-10.7692
1.7	-10.7928
1.71	-10.8279
1.72	-10.8736
1.73	-10.9396
1.74	-10.9482
1.75	-10.9217
1.76	-10.986
1.77	-11.0154
1.78	-11.0538
1.79	-11.114
1.8	-11.1177
1.81	-11.141
1.82	-11.1802
1.83	-11.1927
1.84	-11.2829
1.85	-11.2797
1.86	-11.2884
1.87	-11.3514
1.88	-11.3683
1.89	-11.4175
1.9	-11.4094
1.91	-11.4612
1.92	-11.5029
1.93	-11.5155
1.94	-11.4874
1.95	-11.5324
1.96	-11.606
1.97	-11.599
1.98	-11.6067
1.99	-11.6839
2	-11.6808
2.01	-11.7563
2.02	-11.7402
2.03	-11.8047
2.04	-11.8431
2.05	-11.8461
2.06	-11.856
2.07	-11.9023
2.08	-11.9334
2.09	-11.964
2.1	-11.9358
2.11	-11.9766
2.12	-12.0117
2.13	-12.0526
2.14	-12.0745
2.15	-12.1122
2.16	-12.113
2.17	-12.186
2.18	-12.1577
2.19	-12.1951
2.2	-12.2154
2.21	-12.2339
2.22	-12.2337
2.23	-12.3108
2.24	-12.2451
2.25	-12.3784
2.26	-12.3649
2.27	-12.4175
2.28	-12.421
2.29	-12.4313
2.3	-12.4313
2.31	-12.4408
2.32	-12.47
2.33	-12.5401
2.34	-12.5536
2.35	-12.6015
2.36	-12.6036
2.37	-12.5702
2.38	-12.6124
2.39	-12.6446
2.4	-12.6947
2.41	-12.6687
2.42	-12.7155
2.43	-12.7621
2.44	-12.7873
2.45	-12.7697
2.46	-12.8033
2.47	-12.8183
2.48	-12.8441
2.49	-12.8928
2.5	-12.8317
2.51	-12.8788
2.52	-12.9644
2.53	-12.9046
2.54	-12.968
2.55	-12.9682
2.56	-12.9918
2.57	-13.0235
2.58	-13.0217
2.59	-13.0882
2.6	-13.0734
2.61	-13.0967
2.62	-13.0993
2.63	-13.131
2.64	-13.1865
2.65	-13.1591
2.66	-13.2155
2.67	-13.264
2.68	-13.2162
2.69	-13.2448
2.7	-13.2649
2.71	-13.2781
2.72	-13.2705
2.73	-13.3148
2.74	-13.2994
2.75	-13.3517
2.76	-13.3942
2.77	-13.3728
2.78	-13.3905
2.79	-13.4241
2.8	-13.4363
2.81	-13.4385
2.82	-13.4661
2.83	-13.4807
2.84	-13.5223
2.85	-13.5168
2.86	-13.5523
2.87	-13.516
2.88	-13.5166
2.89	-13.5782
2.9	-13.5846
2.91	-13.6337
2.92	-13.6194
2.93	-13.6233
2.94	-13.6753
2.95	-13.6897
2.96	-13.6502
2.97	-13.6869
2.98	-13.7
2.99	-13.7207
3	-13.7431
3.01	-13.7941
3.02	-13.8113
3.03	-13.7765
3.04	-13.8159
3.05	-13.7944
3.06	-13.8467
3.07	-13.8744
3.08	-13.8857
3.09	-13.8737
3.1	-13.8957
3.11	-13.9116
3.12	-13.9409
3.13	-13.9407
3.14	-13.9627
3.15	-13.9335
3.16	-13.9634
3.17	-13.9919
3.18	-13.9921
3.19	-13.9817
3.2	-14.0128
3.21	-14.0455
3.22	-14.0822
3.23	-14.0556
3.24	-14.0959
3.25	-14.1209
3.26	-14.115
3.27	-14.1059
3.28	-14.1067
3.29	-14.1465
3.3	-14.13
3.31	-14.1674
3.32	-14.1674
3.33	-14.1949
3.34	-14.2049
3.35	-14.1746
3.36	-14.2111
3.37	-14.2053
3.38	-14.2497
3.39	-14.2577
3.4	-14.2922
3.41	-14.2658
3.42	-14.3057
3.43	-14.3102
3.44	-14.3257
3.45	-14.3205
3.46	-14.3463
3.47	-14.3572
3.48	-14.365
3.49	-14.3771
3.5	-14.3598
3.51	-14.3973
3.52	-14.4037
3.53	-14.42
3.54	-14.4221
3.55	-14.442
3.56	-14.4585
3.57	-14.47
3.58	-14.4783
3.59	-14.4434
3.6	-14.4773
3.61	-14.4559
3.62	-14.5152
3.63	-14.5203
3.64	-14.5174
3.65	-14.5539
3.66	-14.5334
3.67	-14.5423
3.68	-14.5451
3.69	-14.6021
3.7	-14.601
3.71	-14.5974
3.72	-14.5947
3.73	-14.6008
3.74	-14.5783
3.75	-14.6063
3.76	-14.6588
3.77	-14.6494
3.78	-14.683
3.79	-14.6402
3.8	-14.6788
3.81	-14.7074
3.82	-14.7034
3.83	-14.7223
3.84	-14.7363
3.85	-14.7158
3.86	-14.6901
3.87	-14.7377
3.88	-14.7429
3.89	-14.7426
3.9	-14.7918
3.91	-14.8008
3.92	-14.7916
3.93	-14.7753
3.94	-14.8117
3.95	-14.7928
3.96	-14.8328
3.97	-14.8432
3.98	-14.8463
3.99	-14.8773
4	-14.8205
4.01	-14.8476
4.02	-14.8807
4.03	-14.8537
4.04	-14.9021
4.05	-14.9179
4.06	-14.8845
4.07	-14.9026
4.08	-14.8859
4.09	-14.9104
4.1	-14.9626
4.11	-14.9167
4.12	-14.9764
4.13	-14.9469
4.14	-14.948
4.15	-14.9657
4.16	-14.9795
4.17	-14.976
4.18	-14.9576
4.19	-15.0061
4.2	-15.0118
4.21	-14.9919
4.22	-15.045
4.23	-14.9982
4.24	-15.0593
4.25	-15.0221
4.26	-15.0206
4.27	-15.0688
4.28	-15.06
4.29	-15.0957
4.3	-15.0646
4.31	-15.1017
4.32	-15.0946
4.33	-15.077
4.34	-15.1119
4.35	-15.1154
4.36	-15.0922
4.37	-15.1018
4.38	-15.1383
4.39	-15.1317
4.4	-15.0976
4.41	-15.1544
4.42	-15.1466
4.43	-15.1081
4.44	-15.1382
4.45	-15.1624
4.46	-15.1614
4.47	-15.2142
4.48	-15.1809
4.49	-15.2008
4.5	-15.1635
4.51	-15.2518
4.52	-15.17
4.53	-15.2077
4.54	-15.2194
4.55	-15.2445
4.56	-15.2393
4.57	-15.2346
4.58	-15.2221
4.59	-15.224
4.6	-15.2539
4.61	-15.2764
4.62	-15.2761
4.63	-15.226
4.64	-15.2638
4.65	-15.2579
4.66	-15.2591
4.67	-15.3047
4.68	-15.3389
4.69	-15.2895
4.7	-15.2838
4.71	-15.3308
4.72	-15.3212
4.73	-15.3501
4.74	-15.3468
4.75	-15.364
4.76	-15.3423
4.77	-15.3525
4.78	-15.3664
4.79	-15.3935
4.8	-15.3067
4.81	-15.371
4.82	-15.3864
4.83	-15.4004
4.84	-15.3947
4.85	-15.3864
4.86	-15.401
4.87	-15.4017
4.88	-15.4041
4.89	-15.3989
4.9	-15.4137
4.91	-15.3871
4.92	-15.4424
4.93	-15.4052
4.94	-15.4042
4.95	-15.4251
4.96	-15.4283
4.97	-15.4275
4.98	-15.4626
4.99	-15.4477
5	-15.4744
5.01	-15.4828
5.02	-15.4505
5.03	-15.4562
5.04	-15.4791
5.05	-15.4574
5.06	-15.4804
5.07	-15.4874
5.08	-15.4974
5.09	-15.4846
5.1	-15.4873
5.11	-15.4799
5.12	-15.5197
5.13	-15.4863
5.14	-15.4921
5.15	-15.524
5.16	-15.5518
5.17	-15.4862
5.18	-15.5379
5.19	-15.5302
5.2	-15.4993
5.21	-15.5446
5.22	-15.5591
5.23	-15.5314
5.24	-15.5589
5.25	-15.5521
5.26	-15.5495
5.27	-15.5516
5.28	-15.5543
5.29	-15.5663
5.3	-15.5566
5.31	-15.566
5.32	-15.5981
5.33	-15.59
5.34	-15.5779
5.35	-15.5795
5.36	-15.5993
5.37	-15.6059
5.38	-15.5978
5.39	-15.6049
5.4	-15.5843
5.41	-15.5802
5.42	-15.6022
5.43	-15.5999
5.44	-15.6066
5.45	-15.6115
5.46	-15.6363
5.47	-15.6087
5.48	-15.6215
5.49	-15.6198
5.5	-15.6702
5.51	-15.6356
5.52	-15.637
5.53	-15.6429
5.54	-15.6465
5.55	-15.6639
5.56	-15.6348
5.57	-15.6453
5.58	-15.6744
5.59	-15.6896
5.6	-15.6476
5.61	-15.6826
5.62	-15.6909
5.63	-15.6917
5.64	-15.6963
5.65	-15.6948
5.66	-15.7037
5.67	-15.6836
5.68	-15.6971
5.69	-15.7003
5.7	-15.6929
5.71	-15.7155
5.72	-15.6923
5.73	-15.6836
5.74	-15.6951
5.75	-15.7078
5.76	-15.7087
5.77	-15.7401
5.78	-15.7239
5.79	-15.7087
5.8	-15.7365
5.81	-15.7179
5.82	-15.7248
5.83	-15.7318
5.84	-15.7444
5.85	-15.7456
5.86	-15.7308
5.87	-15.7261
5.88	-15.7455
5.89	-15.7551
5.9	-15.7584
5.91	-15.7649
5.92	-15.7403
5.93	-15.7525
5.94	-15.7503
5.95	-15.7531
5.96	-15.7691
5.97	-15.7735
5.98	-15.7754
5.99	-15.7684
6	-15.7614
6.01	-15.7996
6.02	-15.79
6.03	-15.79
6.04	-15.7813
6.05	-15.7773
6.06	-15.7985
6.07	-15.7962
6.08	-15.7792
6.09	-15.7819
6.1	-15.7743
6.11	-15.8038
6.12	-15.8081
6.13	-15.7911
6.14	-15.8034
6.15	-15.815
6.16	-15.7939
6.17	-15.7763
6.18	-15.7995
6.19	-15.8083
6.2	-15.8098
6.21	-15.8122
6.22	-15.7957
6.23	-15.8128
6.24	-15.83
6.25	-15.8155
6.26	-15.8037
6.27	-15.834
6.28	-15.8209
6.29	-15.834
6.3	-15.8067
6.31	-15.8425
6.32	-15.824
6.33	-15.8323
6.34	-15.8134
6.35	-15.8307
6.36	-15.8227
6.37	-15.823
6.38	-15.8228
6.39	-15.8389
6.4	-15.8449
6.41	-15.8536
6.42	-15.8471
6.43	-15.8507
6.44	-15.8617
6.45	-15.8436
6.46	-15.86
6.47	-15.8427
6.48	-15.8424
6.49	-15.8316
6.5	-15.8652
6.51	-15.8637
6.52	-15.8294
6.53	-15.8567
6.54	-15.8633
6.55	-15.8713
6.56	-15.8695
6.57	-15.869
6.58	-15.8711
6.59	-15.8611
6.6	-15.877
6.61	-15.8694
6.62	-15.8776
6.63	-15.8643
6.64	-15.8793
6.65	-15.8753
6.66	-15.8842
6.67	-15.861
6.68	-15.8582
6.69	-15.8569
6.7	-15.8849
6.71	-15.8864
6.72	-15.8865
6.73	-15.8756
6.74	-15.8792
6.75	-15.8869
6.76	-15.8649
6.77	-15.8891
6.78	-15.884
6.79	-15.886
6.8	-15.9189
6.81	-15.9039
6.82	-15.8889
6.83	-15.9031
6.84	-15.9125
6.85	-15.8904
6.86	-15.8844
6.87	-15.9166
6.88	-15.8989
6.89	-15.9065
6.9	-15.881
6.91	-15.8829
6.92	-15.9132
6.93	-15.8867
6.94	-15.9133
6.95	-15.8805
6.96	-15.8976
6.97	-15.8922
6.98	-15.9261
6.99	-15.8986
7	-15.8886
7.01	-15.915
7.02	-15.93
7.03	-15.9006
7.04	-15.9007
7.05	-15.9125
7.06	-15.895
7.07	-15.9211
7.08	-15.92
7.09	-15.9106
7.1	-15.9283
7.11	-15.9122
7.12	-15.9247
7.13	-15.9262
7.14	-15.9273
7.15	-15.9295
7.16	-15.9146
7.17	-15.9385
7.18	-15.9392
7.19	-15.9223
7.2	-15.9222
7.21	-15.9166
7.22	-15.9289
7.23	-15.9289
7.24	-15.9346
7.25	-15.9231
7.26	-15.9331
7.27	-15.934
7.28	-15.9368
7.29	-15.9576
7.3	-15.9387
7.31	-15.9309
7.32	-15.9355
7.33	-15.9463
7.34	-15.9287
7.35	-15.9385
7.36	-15.937
7.37	-15.9324
7.38	-15.9323
7.39	-15.9391
7.4	-15.9415
7.41	-15.9313
7.42	-15.9496
7.43	-15.9341
7.44	-15.9413
7.45	-15.9251
7.46	-15.9583
7.47	-15.9395
7.48	-15.9406
7.49	-15.9402
7.5	-15.9411
7.51	-15.9393
7.52	-15.9399
7.53	-15.9431
7.54	-15.9319
7.55	-15.9407
7.56	-15.9344
7.57	-15.9269
7.58	-15.936
7.59	-15.942
7.6	-15.9555
7.61	-15.9548
7.62	-15.9454
7.63	-15.9447
7.64	-15.9424
7.65	-15.939
7.66	-15.9527
7.67	-15.9551
7.68	-15.9157
7.69	-15.9626
7.7	-15.9635
7.71	-15.9588
7.72	-15.9538
7.73	-15.9684
7.74	-15.9561
7.75	-15.9486
7.76	-15.9537
7.77	-15.952
7.78	-15.9613
7.79	-15.9613
7.8	-15.961
7.81	-15.9594
7.82	-15.9682
7.83	-15.9693
7.84	-15.9529
7.85	-15.957
7.86	-15.9589
7.87	-15.9587
7.88	-15.9583
7.89	-15.9713
7.9	-15.9682
7.91	-15.9597
7.92	-15.9553
7.93	-15.9619
7.94	-15.9634
7.95	-15.9697
7.96	-15.964
7.97	-15.9628
7.98	-15.9665
7.99	-15.9769
8	-15.9727
8.01	-15.9606
8.02	-15.9798
8.03	-15.9635
8.04	-15.9737
8.05	-15.9688
8.06	-15.9705
8.07	-15.9528
8.08	-15.965
8.09	-15.9643
8.1	-15.9732
8.11	-15.9721
8.12	-15.9643
8.13	-15.9679
8.14	-15.9731
8.15	-15.9706
8.16	-15.9651
8.17	-15.9739
8.18	-15.9843
8.19	-15.9713
8.2	-15.9708
8.21	-15.9793
8.22	-15.9791
8.23	-15.9758
8.24	-15.9752
8.25	-15.9686
8.26	-15.9669
8.27	-15.9828
8.28	-15.9721
8.29	-15.9849
8.3	-15.9771
8.31	-15.9808
8.32	-15.9795
8.33	-15.9749
8.34	-15.9799
8.35	-15.9655
8.36	-15.9784
8.37	-15.9629
8.38	-15.9798
8.39	-15.9736
8.4	-15.976
8.41	-15.969
8.42	-15.974
8.43	-15.9804
8.44	-15.9765
8.45	-15.9762
8.46	-15.9733
8.47	-15.9725
8.48	-15.9794
8.49	-15.9825
8.5	-15.9736
8.51	-15.977
8.52	-15.9776
8.53	-15.9738
8.54	-15.9824
8.55	-15.9845
8.56	-15.9738
8.57	-15.9835
8.58	-15.9761
8.59	-15.9807
8.6	-15.985
8.61	-15.978
8.62	-15.9888
8.63	-15.9863
8.64	-15.9673
8.65	-15.9825
8.66	-15.9805
8.67	-15.977
8.68	-15.9872
8.69	-15.9755
8.7	-15.9893
8.71	-15.9732
8.72	-15.9841
8.73	-15.9898
8.74	-15.9842
8.75	-15.9794
8.76	-15.9792
8.77	-15.9899
8.78	-15.9923
8.79	-15.987
8.8	-15.9896
8.81	-15.9671
8.82	-15.9807
8.83	-15.9912
8.84	-15.9901
8.85	-15.9823
8.86	-15.9889
8.87	-15.99
8.88	-15.9892
8.89	-15.9785
8.9	-15.9886
8.91	-15.976
8.92	-15.9895
8.93	-15.9886
8.94	-15.9936
8.95	-15.9857
8.96	-15.977
8.97	-15.9929
8.98	-15.983
8.99	-15.9946
9	-15.9939
9.01	-15.9859
9.02	-15.9833
9.03	-15.9906
9.04	-15.9835
9.05	-15.9916
9.06	-15.9919
9.07	-15.9854
9.08	-15.9869
9.09	-15.9931
9.1	-15.9836
9.11	-15.9889
9.12	-15.9923
9.13	-15.9859
9.14	-15.988
9.15	-15.9925
9.16	-15.9834
9.17	-15.9882
9.18	-15.9897
9.19	-15.9861
9.2	-15.9888
9.21	-15.9914
9.22	-15.9933
9.23	-15.9947
9.24	-15.9857
9.25	-15.9914
9.26	-15.9953
9.27	-15.9923
9.28	-15.9934
9.29	-15.9914
9.3	-15.9941
9.31	-15.9909
9.32	-15.9923
9.33	-15.9908
9.34	-15.9926
9.35	-15.9894
9.36	-15.9826
9.37	-15.9811
9.38	-15.9844
9.39	-15.9904
9.4	-15.9946
9.41	-15.9904
9.42	-15.9926
9.43	-15.9923
9.44	-15.9953
9.45	-15.994
9.46	-15.9916
9.47	-15.98
9.48	-15.9925
9.49	-15.9869
9.5	-15.9945
9.51	-15.9908
9.52	-15.9906
9.53	-15.9897
9.54	-15.9932
9.55	-15.991
9.56	-15.9954
9.57	-15.9968
9.58	-15.9856
9.59	-15.997
9.6	-15.9883
9.61	-15.9922
9.62	-15.9972
9.63	-15.9967
9.64	-15.9943
9.65	-15.9942
9.66	-15.9941
9.67	-15.9909
9.68	-15.9931
9.69	-15.996
9.7	-15.9881
9.71	-15.9957
9.72	-15.9889
9.73	-15.9932
9.74	-15.9904
9.75	-15.9854
9.76	-15.9987
9.77	-15.9934
9.78	-15.9935
9.79	-15.9947
9.8	-15.9951
9.81	-15.9962
9.82	-15.9958
9.83	-15.9946
9.84	-15.9955
9.85	-15.9957
9.86	-15.9918
9.87	-15.995
9.88	-15.9926
9.89	-15.9943
9.9	-15.9964
9.91	-15.9938
9.92	-15.9964
9.93	-15.9967
9.94	-15.9967
9.95	-15.9954
9.96	-15.993
9.97	-15.9971
9.98	-15.9889
9.99	-15.9972
10	-15.9997
10.01	-15.9938
10.02	-15.9952
10.03	-15.9902
10.04	-15.997
10.05	-15.9978
10.06	-15.9942
10.07	-15.9984
10.08	-15.9919
10.09	-15.9961
10.1	-15.9972
10.11	-15.991
10.12	-15.9934
10.13	-15.9981
10.14	-15.9975
10.15	-15.9967
10.16	-15.9966
10.17	-15.9969
10.18	-15.9955
10.19	-15.9995
10.2	-15.9992
10.21	-15.9971
10.22	-15.9984
10.23	-15.9928
10.24	-15.9948
10.25	-15.9952
10.26	-15.9974
10.27	-15.9984
10.28	-15.9978
10.29	-15.9994
10.3	-15.9949
10.31	-15.9969
10.32	-15.9977
10.33	-15.9937
10.34	-15.9956
10.35	-15.9967
10.36	-15.9978
10.37	-15.9977
10.38	-15.9986
10.39	-15.997
10.4	-15.9948
10.41	-15.996
10.42	-15.9995
10.43	-15.9968
10.44	-15.9932
10.45	-15.9988
10.46	-15.9967
10.47	-15.9945
10.48	-15.9878
10.49	-15.9987
10.5	-15.9943
10.51	-15.9927
10.52	-15.9985
10.53	-15.9992
10.54	-15.9952
10.55	-15.9982
10.56	-15.996
10.57	-15.9955
10.58	-15.9929
10.59	-15.9984
10.6	-15.999
10.61	-15.9974
10.62	-15.9982
10.63	-15.9985
10.64	-15.9952
10.65	-15.9963
10.66	-15.9958
10.67	-15.9984
10.68	-15.9981
10.69	-15.998
10.7	-15.9965
10.71	-15.999
10.72	-15.9968
10.73	-15.9956
10.74	-15.9985
10.75	-15.9955
10.76	-15.9977
10.77	-15.9998
10.78	-15.9938
10.79	-15.9964
10.8	-15.9997
10.81	-15.9981
10.82	-16
10.83	-15.9975
10.84	-15.9979
10.85	-15.9987
10.86	-15.9991
10.87	-15.9997
10.88	-15.9948
10.89	-15.9977
10.9	-15.9938
10.91	-15.9996
10.92	-15.9987
10.93	-15.9981
10.94	-15.9995
10.95	-15.9982
10.96	-15.9996
10.97	-15.9996
10.98	-15.9995
10.99	-15.9986
11	-15.9991
11.01	-15.9988
11.02	-15.9953
11.03	-16
11.04	-15.9999
11.05	-15.998
11.06	-15.9974
11.07	-15.998
11.08	-15.999
11.09	-15.9988
11.1	-15.9985
11.11	-15.9997
11.12	-15.9987
11.13	-15.9973
11.14	-15.9993
11.15	-15.9979
11.16	-15.9999
11.17	-15.9999
11.18	-15.9991
11.19	-15.9971
11.2	-15.9993
11.21	-15.9999
11.22	-15.9994
11.23	-15.9997
11.24	-15.9998
11.25	-16
11.26	-15.9985
11.27	-15.9992
11.28	-15.9992
11.29	-15.9991
11.3	-15.9982
11.31	-15.9977
11.32	-15.9993
11.33	-15.9999
11.34	-15.9998
11.35	-15.9989
11.36	-15.9994
11.37	-15.9999
11.38	-15.9995
11.39	-15.9999
11.4	-15.9971
11.41	-15.9998
11.42	-15.997
11.43	-15.9981
11.44	-15.9999
11.45	-15.9999
11.46	-15.9994
11.47	-15.9993
11.48	-15.9995
11.49	-15.9998
11.5	-15.9946
11.51	-15.9995
11.52	-15.9993
11.53	-15.9988
11.54	-15.9997
11.55	-15.9977
11.56	-15.999
11.57	-15.9991
11.58	-15.9996
11.59	-15.9965
11.6	-15.9992
11.61	-15.9992
11.62	-15.9965
11.63	-15.9987
11.64	-15.9999
11.65	-15.9997
11.66	-15.9994
11.67	-15.9996
11.68	-15.9997
11.69	-15.9998
11.7	-15.9974
11.71	-15.999
11.72	-15.9987
11.73	-15.9963
11.74	-15.9988
11.75	-16
11.76	-15.9992
11.77	-15.9998
11.78	-15.9973
11.79	-15.9969
11.8	-16
11.81	-16
11.82	-15.9999
11.83	-16
11.84	-15.9997
11.85	-15.9961
11.86	-15.9998
11.87	-15.9998
11.88	-15.999
11.89	-16
11.9	-15.9999
11.91	-15.9998
11.92	-15.9985
11.93	-15.9965
11.94	-15.9996
11.95	-15.997
11.96	-15.9977
11.97	-15.999
11.98	-15.9999
11.99	-16
12	-15.9999
12.01	-15.9971
12.02	-16
12.03	-15.9981
12.04	-16
12.05	-16
12.06	-16
12.07	-15.9997
12.08	-16
12.09	-15.9997
12.1	-16
12.11	-15.9996
12.12	-15.9997
12.13	-15.9995
12.14	-15.9989
12.15	-15.9999
12.16	-15.9992
12.17	-15.9986
12.18	-15.9971
12.19	-15.9998
12.2	-15.9997
12.21	-15.9999
12.22	-15.9998
12.23	-15.9999
12.24	-15.9992
12.25	-15.9991
12.26	-15.9977
12.27	-16
12.28	-15.9999
12.29	-16
12.3	-16
12.31	-15.9995
12.32	-16
12.33	-15.9998
12.34	-15.9993
12.35	-15.9998
12.36	-15.9999
12.37	-15.9981
12.38	-15.9978
12.39	-15.9999
12.4	-15.9988
12.41	-16
12.42	-16
12.43	-15.9999
12.44	-16
12.45	-16
12.46	-16
12.47	-15.9999
12.48	-15.9999
12.49	-15.9998
12.5	-16
12.51	-15.9968
12.52	-16
12.53	-15.9978
12.54	-16
12.55	-15.9992
12.56	-16
12.57	-15.9998
12.58	-15.9999
12.59	-15.9982
12.6	-15.9984
12.61	-15.9999
12.62	-16
12.63	-16
12.64	-15.999
12.65	-16
12.66	-16
12.67	-16
12.68	-15.9981
12.69	-16
12.7	-16
12.71	-16
12.72	-16
12.73	-16
12.74	-15.9998
12.75	-16
12.76	-15.9993
12.77	-15.999
12.78	-15.9996
12.79	-15.9999
12.8	-16
12.81	-16
12.82	-16
12.83	-15.9975
12.84	-16
12.85	-15.9999
12.86	-15.9998
12.87	-16
12.88	-16
12.89	-15.9999
12.9	-16
12.91	-16
12.92	-15.9992
12.93	-15.9966
12.94	-16
12.95	-16
12.96	-16
12.97	-16
12.98	-16
12.99	-15.9998
13	-16
13.01	-15.9974
13.02	-15.9999
13.03	-15.9999
13.04	-16
13.05	-15.9999
13.06	-15.9999
13.07	-15.9997
13.08	-16
13.09	-15.999
13.1	-15.9999
13.11	-16
13.12	-15.9967
13.13	-15.9966
13.14	-16
13.15	-16
13.16	-16
13.17	-15.9999
13.18	-16
13.19	-16
13.2	-15.9989
13.21	-15.9992
13.22	-16
13.23	-15.9999
13.24	-15.9962
13.25	-16
13.26	-16
13.27	-16
13.28	-16
13.29	-15.9984
13.3	-16
13.31	-16
13.32	-16
13.33	-16
13.34	-15.9999
13.35	-16
13.36	-16
13.37	-16
13.38	-16
13.39	-15.9999
13.4	-16
13.41	-16
13.42	-16
13.43	-16
13.44	-16
13.45	-16
13.46	-16
13.47	-15.9996
13.48	-16
13.49	-16
13.5	-15.9998
13.51	-15.9999
13.52	-15.9944
13.53	-15.9995
13.54	-16
13.55	-15.9999
13.56	-16
13.57	-16
13.58	-16
13.59	-15.9998
13.6	-16
13.61	-16
13.62	-16
13.63	-15.9994
13.64	-16
13.65	-16
13.66	-15.9999
13.67	-16
13.68	-15.9999
13.69	-16
13.7	-16
13.71	-16
13.72	-16
13.73	-16
13.74	-15.9992
13.75	-16
13.76	-16
13.77	-16
13.78	-15.9999
13.79	-16
13.8	-16
13.81	-16
13.82	-16
13.83	-16
13.84	-16
13.85	-16
13.86	-16
13.87	-16
13.88	-16
13.89	-16
13.9	-15.9999
13.91	-16
13.92	-16
13.93	-16
13.94	-16
13.95	-15.9988
13.96	-15.9997
13.97	-16
13.98	-16
13.99	-15.9999
14	-16
14.01	-16
14.02	-16
14.03	-16
14.04	-16
14.05	-16
14.06	-16
14.07	-16
14.08	-16
14.09	-16
14.1	-16
14.11	-16
14.12	-16
14.13	-16
14.14	-16
14.15	-16
14.16	-16
14.17	-16
14.18	-16
14.19	-16
14.2	-16
14.21	-16
14.22	-16
14.23	-16
14.24	-16
14.25	-16
14.26	-15.9999
14.27	-16
14.28	-16
14.29	-16
14.3	-16
14.31	-15.9999
14.32	-16
14.33	-16
14.34	-16
14.35	-15.9999
14.36	-16
14.37	-16
14.38	-16
14.39	-16
14.4	-16
14.41	-16
14.42	-16
14.43	-16
14.44	-16
14.45	-16
14.46	-15.9986
14.47	-16
14.48	-16
14.49	-16
14.5	-16
14.51	-16
14.52	-16
14.53	-16
14.54	-16
14.55	-16
14.56	-16
14.57	-16
14.58	-15.9999
14.59	-16
14.6	-16
14.61	-16
14.62	-15.9999
14.63	-16
14.64	-16
14.65	-15.9999
14.66	-16
14.67	-16
14.68	-16
14.69	-16
14.7	-15.9999
14.71	-15.9998
14.72	-15.9996
14.73	-16
14.74	-16
14.75	-16
14.76	-16
14.77	-16
14.78	-16
14.79	-16
14.8	-16
14.81	-16
14.82	-16
14.83	-16
14.84	-16
14.85	-16
14.86	-16
14.87	-16
14.88	-16
14.89	-16
14.9	-16
14.91	-16
14.92	-16
14.93	-16
14.94	-16
14.95	-16
14.96	-16
14.97	-15.9989
14.98	-16
14.99	-16
15	-16
15.01	-16
15.02	-16
15.03	-16
15.04	-16
15.05	-16
15.06	-16
15.07	-16
15.08	-16
15.09	-16
15.1	-16
15.11	-16
15.12	-16
15.13	-16
15.14	-16
15.15	-16
15.16	-16
15.17	-16
15.18	-16
15.19	-16
15.2	-16
15.21	-16
15.22	-16
15.23	-16
15.24	-16
15.25	-16
15.26	-16
15.27	-16
15.28	-16
15.29	-16
15.3	-16
15.31	-16
15.32	-16
15.33	-16
15.34	-16
15.35	-16
15.36	-16
15.37	-16
15.38	-16
15.39	-16
15.4	-16
15.41	-16
15.42	-16
15.43	-16
15.44	-16
15.45	-16
15.46	-16
15.47	-16
15.48	-16
15.49	-16
15.5	-16
15.51	-16
15.52	-16
15.53	-16
15.54	-16
15.55	-16
15.56	-16
15.57	-15.9999
15.58	-16
15.59	-16
15.6	-16
15.61	-16
15.62	-16
15.63	-16
15.64	-16
15.65	-16
15.66	-16
15.67	-16
15.68	-16
15.69	-16
15.7	-16
15.71	-16
15.72	-16
15.73	-16
15.74	-16
15.75	-16
15.76	-16
15.77	-16
15.78	-16
15.79	-16
15.8	-16
15.81	-16
15.82	-16
15.83	-16
15.84	-16
15.85	-16
15.86	-16
15.87	-16
15.88	-16
15.89	-16
15.9	-15.9999
15.91	-16
15.92	-16
15.93	-16
15.94	-16
15.95	-16
15.96	-16
15.97	-16
15.98	-16
15.99	-16
16	-16
16.01	-16
16.02	-16
16.03	-16
16.04	-16
16.05	-16
16.06	-16
16.07	-16
16.08	-16
16.09	-16
16.1	-16
16.11	-16
16.12	-16
16.13	-16
16.14	-16
16.15	-16
16.16	-16
16.17	-16
16.18	-16
16.19	-16
16.2	-16
16.21	-15.9994
16.22	-16
16.23	-16
16.24	-16
16.25	-16
16.26	-16
16.27	-16
16.28	-16
16.29	-16
16.3	-16
16.31	-16
16.32	-16
16.33	-16
16.34	-16
16.35	-16
16.36	-16
16.37	-16
16.38	-16
16.39	-16
16.4	-16
16.41	-16
16.42	-16
16.43	-16
16.44	-16
16.45	-16
16.46	-16
16.47	-16
16.48	-16
16.49	-16
16.5	-16
16.51	-16
16.52	-15.9979
16.53	-16
16.54	-16
16.55	-16
16.56	-16
16.57	-16
16.58	-16
16.59	-16
16.6	-16
16.61	-16
16.62	-16
16.63	-15.9989
16.64	-16
16.65	-16
16.66	-16
16.67	-16
16.68	-16
16.69	-16
16.7	-16
16.71	-16
16.72	-16
16.73	-16
16.74	-16
16.75	-16
16.76	-16
16.77	-16
16.78	-16
16.79	-16
16.8	-16
16.81	-16
16.82	-16
16.83	-16
16.84	-16
16.85	-16
16.86	-16
16.87	-16
16.88	-16
16.89	-16
16.9	-16
16.91	-16
16.92	-16
16.93	-16
16.94	-16
16.95	-16
16.96	-16
16.97	-16
16.98	-15.9991
16.99	-16
17	-16
17.01	-16
17.02	-16
17.03	-16
17.04	-16
17.05	-16
17.06	-16
17.07	-16
17.08	-16
17.09	-16
17.1	-16
17.11	-16
17.12	-16
17.13	-16
17.14	-16
17.15	-16
17.16	-16
17.17	-16
17.18	-16
17.19	-16
17.2	-16
17.21	-16
17.22	-16
17.23	-16
17.24	-16
17.25	-16
17.26	-16
17.27	-16
17.28	-16
17.29	-16
17.3	-16
17.31	-16
17.32	-16
17.33	-16
17.34	-16
17.35	-16
17.36	-16
17.37	-16
17.38	-16
17.39	-16
17.4	-16
17.41	-16
17.42	-16
17.43	-16
17.44	-16
17.45	-16
17.46	-16
17.47	-16
17.48	-16
17.49	-16
17.5	-16
17.51	-16
17.52	-16
17.53	-16
17.54	-16
17.55	-16
17.56	-16
17.57	-16
17.58	-16
17.59	-16
17.6	-16
17.61	-16
17.62	-16
17.63	-16
17.64	-16
17.65	-16
17.66	-16
17.67	-16
17.68	-16
17.69	-16
17.7	-16
17.71	-16
17.72	-16
17.73	-16
17.74	-16
17.75	-16
17.76	-16
17.77	-16
17.78	-16
17.79	-16
17.8	-16
17.81	-16
17.82	-16
17.83	-16
17.84	-16
17.85	-16
17.86	-16
17.87	-16
17.88	-16
17.89	-16
17.9	-16
17.91	-16
17.92	-16
17.93	-16
17.94	-16
17.95	-16
17.96	-16
17.97	-16
17.98	-16
17.99	-16
18	-16
18.01	-16
18.02	-16
18.03	-16
18.04	-16
18.05	-16
18.06	-16
18.07	-16
18.08	-16
18.09	-16
18.1	-16
18.11	-16
18.12	-16
18.13	-16
18.14	-16
18.15	-16
18.16	-16
18.17	-16
18.18	-16
18.19	-16
18.2	-16
18.21	-16
18.22	-16
18.23	-16
18.24	-16
18.25	-16
18.26	-16
18.27	-16
18.28	-16
18.29	-16
18.3	-16
18.31	-16
18.32	-16
18.33	-16
18.34	-16
18.35	-16
18.36	-16
18.37	-16
18.38	-16
18.39	-16
18.4	-16
18.41	-16
18.42	-16
18.43	-16
18.44	-16
18.45	-16
18.46	-16
18.47	-16
18.48	-16
18.49	-16
18.5	-16
18.51	-16
18.52	-16
18.53	-16
18.54	-16
18.55	-16
18.56	-16
18.57	-16
18.58	-16
18.59	-16
18.6	-16
18.61	-16
18.62	-16
18.63	-16
18.64	-16
18.65	-16
18.66	-16
18.67	-16
18.68	-16
18.69	-16
18.7	-16
18.71	-16
18.72	-16
18.73	-16
18.74	-16
18.75	-16
18.76	-16
18.77	-16
18.78	-16
18.79	-16
18.8	-16
18.81	-16
18.82	-16
18.83	-16
18.84	-16
18.85	-16
18.86	-16
18.87	-16
18.88	-16
18.89	-16
18.9	-16
18.91	-16
18.92	-16
18.93	-16
18.94	-16
18.95	-16
18.96	-16
18.97	-16
18.98	-16
18.99	-16
19	-16
19.01	-16
19.02	-16
19.03	-16
19.04	-16
19.05	-16
19.06	-16
19.07	-16
19.08	-16
19.09	-16
19.1	-16
19.11	-16
19.12	-16
19.13	-16
19.14	-16
19.15	-16
19.16	-16
19.17	-16
19.18	-16
19.19	-16
19.2	-16
19.21	-16
19.22	-16
19.23	-16
19.24	-16
19.25	-16
19.26	-16
19.27	-16
19.28	-16
19.29	-16
19.3	-16
19.31	-16
19.32	-16
19.33	-16
19.34	-16
19.35	-16
19.36	-16
19.37	-16
19.38	-16
19.39	-16
19.4	-16
19.41	-16
19.42	-16
19.43	-16
19.44	-16
19.45	-16
19.46	-16
19.47	-16
19.48	-16
19.49	-16
19.5	-16
19.51	-16
19.52	-16
19.53	-16
19.54	-16
19.55	-16
19.56	-16
19.57	-16
19.58	-16
19.59	-16
19.6	-16
19.61	-16
19.62	-16
19.63	-16
19.64	-16
19.65	-16
19.66	-16
19.67	-16
19.68	-16
19.69	-16
19.7	-16
19.71	-16
19.72	-16
19.73	-16
19.74	-16
19.75	-16
19.76	-16
19.77	-16
19.78	-16
19.79	-16
19.8	-16
19.81	-16
19.82	-16
19.83	-16
19.84	-16
19.85	-16
19.86	-16
19.87	-16
19.88	-16
19.89	-16
19.9	-16
19.91	-16
19.92	-16
19.93	-16
19.94	-16
19.95	-16
19.96	-16
19.97	-16
19.98	-16
19.99	-16
20	-16
20.01	-16
20.02	-16
20.03	-16
20.04	-16
20.05	-16
20.06	-16
20.07	-16
20.08	-16
20.09	-16
20.1	-16
20.11	-16
20.12	-16
20.13	-16
20.14	-16
20.15	-16
20.16	-16
20.17	-16
20.18	-16
20.19	-16
20.2	-16
20.21	-16
20.22	-16
20.23	-16
20.24	-16
20.25	-16
20.26	-16
20.27	-16
20.28	-16
20.29	-16
20.3	-16
20.31	-16
20.32	-16
20.33	-16
20.34	-16
20.35	-16
20.36	-16
20.37	-16
20.38	-16
20.39	-16
20.4	-16
20.41	-16
20.42	-16
20.43	-16
20.44	-16
20.45	-16
20.46	-16
20.47	-16
20.48	-16
20.49	-16
20.5	-16
20.51	-16
20.52	-16
20.53	-16
20.54	-16
20.55	-16
20.56	-16
20.57	-16
20.58	-16
20.59	-16
20.6	-16
20.61	-16
20.62	-16
20.63	-16
20.64	-16
20.65	-16
20.66	-16
20.67	-16
20.68	-16
20.69	-16
20.7	-16
20.71	-16
20.72	-16
20.73	-16
20.74	-16
20.75	-16
20.76	-16
20.77	-16
20.78	-16
20.79	-16
20.8	-16
20.81	-16
20.82	-16
20.83	-16
20.84	-16
20.85	-16
20.86	-16
20.87	-16
20.88	-16
20.89	-16
20.9	-16
20.91	-16
20.92	-16
20.93	-16
20.94	-16
20.95	-16
20.96	-16
20.97	-16
20.98	-16
20.99	-16
21	-16
21.01	-16
21.02	-16
21.03	-16
21.04	-16
21.05	-16
21.06	-16
21.07	-16
21.08	-16
21.09	-16
21.1	-16
21.11	-16
21.12	-16
21.13	-16
21.14	-16
21.15	-16
21.16	-16
21.17	-16
21.18	-16
21.19	-16
21.2	-16
21.21	-16
21.22	-16
21.23	-16
21.24	-16
21.25	-16
21.26	-16
21.27	-16
21.28	-16
21.29	-16
21.3	-16
21.31	-16
21.32	-16
21.33	-16
21.34	-16
21.35	-16
21.36	-16
21.37	-16
21.38	-16
21.39	-16
21.4	-16
21.41	-16
21.42	-16
21.43	-16
21.44	-16
21.45	-16
21.46	-16
21.47	-16
21.48	-16
21.49	-16
21.5	-16
21.51	-16
21.52	-16
21.53	-16
21.54	-16
21.55	-16
21.56	-16
21.57	-16
21.58	-16
21.59	-16
21.6	-16
21.61	-16
21.62	-16
21.63	-16
21.64	-16
21.65	-16
21.66	-16
21.67	-16
21.68	-16
21.69	-16
21.7	-16
21.71	-16
21.72	-16
21.73	-16
21.74	-16
21.75	-16
21.76	-16
21.77	-16
21.78	-16
21.79	-16
21.8	-16
21.81	-16
21.82	-16
21.83	-16
21.84	-16
21.85	-16
21.86	-16
21.87	-16
21.88	-16
21.89	-16
21.9	-16
21.91	-16
21.92	-16
21.93	-16
21.94	-16
21.95	-16
21.96	-16
21.97	-16
21.98	-16
21.99	-16
22	-16
22.01	-16
22.02	-16
22.03	-16
22.04	-16
22.05	-16
22.06	-16
22.07	-16
22.08	-16
22.09	-16
22.1	-16
22.11	-16
22.12	-16
22.13	-16
22.14	-16
22.15	-16
22.16	-16
22.17	-16
22.18	-16
22.19	-16
22.2	-16
22.21	-16
22.22	-16
22.23	-16
22.24	-16
22.25	-16
22.26	-16
22.27	-16
22.28	-16
22.29	-16
22.3	-16
22.31	-16
22.32	-16
22.33	-16
22.34	-16
22.35	-16
22.36	-16
22.37	-16
22.38	-16
22.39	-16
22.4	-16
22.41	-16
22.42	-16
22.43	-16
22.44	-16
22.45	-16
22.46	-16
22.47	-16
22.48	-16
22.49	-16
22.5	-16
22.51	-16
22.52	-16
22.53	-16
22.54	-16
22.55	-16
22.56	-16
22.57	-16
22.58	-16
22.59	-16
22.6	-16
22.61	-16
22.62	-16
22.63	-16
22.64	-16
22.65	-16
22.66	-16
22.67	-16
22.68	-16
22.69	-16
22.7	-16
22.71	-16
22.72	-16
22.73	-16
22.74	-16
22.75	-16
22.76	-16
22.77	-16
22.78	-16
22.79	-16
22.8	-16
22.81	-16
22.82	-16
22.83	-16
22.84	-16
22.85	-16
22.86	-16
22.87	-16
22.88	-16
22.89	-16
22.9	-16
22.91	-16
22.92	-16
22.93	-16
22.94	-16
22.95	-16
22.96	-16
22.97	-16
22.98	-16
22.99	-16
23	-16
23.01	-16
23.02	-16
23.03	-16
23.04	-16
23.05	-16
23.06	-16
23.07	-16
23.08	-16
23.09	-16
23.1	-16
23.11	-16
23.12	-16
23.13	-16
23.14	-16
23.15	-16
23.16	-16
23.17	-16
23.18	-16
23.19	-16
23.2	-16
23.21	-16
23.22	-16
23.23	-16
23.24	-16
23.25	-16
23.26	-16
23.27	-16
23.28	-16
23.29	-16
23.3	-16
23.31	-16
23.32	-16
23.33	-16
23.34	-16
23.35	-16
23.36	-16
23.37	-16
23.38	-16
23.39	-16
23.4	-16
23.41	-16
23.42	-16
23.43	-16
23.44	-16
23.45	-16
23.46	-16
23.47	-16
23.48	-16
23.49	-16
23.5	-16
23.51	-16
23.52	-16
23.53	-16
23.54	-16
23.55	-16
23.56	-16
23.57	-16
23.58	-16
23.59	-16
23.6	-16
23.61	-16
23.62	-16
23.63	-16
23.64	-16
23.65	-16
23.66	-16
23.67	-16
23.68	-16
23.69	-16
23.7	-16
23.71	-16
23.72	-16
23.73	-16
23.74	-16
23.75	-16
23.76	-16
23.77	-16
23.78	-16
23.79	-16
23.8	-16
23.81	-16
23.82	-16
23.83	-16
23.84	-16
23.85	-16
23.86	-16
23.87	-16
23.88	-16
23.89	-16
23.9	-16
23.91	-16
23.92	-16
23.93	-16
23.94	-16
23.95	-16
23.96	-16
23.97	-16
23.98	-16
23.99	-16
24	-16
24.01	-16
24.02	-16
24.03	-16
24.04	-16
24.05	-16
24.06	-16
24.07	-16
24.08	-16
24.09	-16
24.1	-16
24.11	-16
24.12	-16
24.13	-16
24.14	-16
24.15	-16
24.16	-16
24.17	-16
24.18	-16
24.19	-16
24.2	-16
24.21	-16
24.22	-16
24.23	-16
24.24	-16
24.25	-16
24.26	-16
24.27	-16
24.28	-16
24.29	-16
24.3	-16
24.31	-16
24.32	-16
24.33	-16
24.34	-16
24.35	-16
24.36	-16
24.37	-16
24.38	-16
24.39	-16
24.4	-16
24.41	-16
24.42	-16
24.43	-16
24.44	-16
24.45	-16
24.46	-16
24.47	-16
24.48	-16
24.49	-16
24.5	-16
24.51	-16
24.52	-16
24.53	-16
24.54	-16
24.55	-16
24.56	-16
24.57	-16
24.58	-16
24.59	-16
24.6	-16
24.61	-16
24.62	-16
24.63	-16
24.64	-16
24.65	-16
24.66	-16
24.67	-16
24.68	-16
24.69	-16
24.7	-16
24.71	-16
24.72	-16
24.73	-16
24.74	-16
24.75	-16
24.76	-16
24.77	-16
24.78	-16
24.79	-16
24.8	-16
24.81	-16
24.82	-16
24.83	-16
24.84	-16
24.85	-16
24.86	-16
24.87	-16
24.88	-16
24.89	-16
24.9	-16
24.91	-16
24.92	-16
24.93	-16
24.94	-16
24.95	-16
24.96	-16
24.97	-16
24.98	-16
24.99	-16
25	-16
25.01	-16
25.02	-16
25.03	-16
25.04	-16
25.05	-16
25.06	-16
25.07	-16
25.08	-16
25.09	-16
25.1	-16
25.11	-16
25.12	-16
25.13	-16
25.14	-16
25.15	-16
25.16	-16
25.17	-16
25.18	-16
25.19	-16
25.2	-16
25.21	-16
25.22	-16
25.23	-16
25.24	-16
25.25	-16
25.26	-16
25.27	-16
25.28	-16
25.29	-16
25.3	-16
25.31	-16
25.32	-16
25.33	-16
25.34	-16
25.35	-16
25.36	-16
25.37	-16
25.38	-16
25.39	-16
25.4	-16
25.41	-16
25.42	-16
25.43	-16
25.44	-16
25.45	-16
25.46	-16
25.47	-16
25.48	-16
25.49	-16
25.5	-16
25.51	-16
25.52	-16
25.53	-16
25.54	-16
25.55	-16
25.56	-16
25.57	-16
25.58	-16
25.59	-16
25.6	-16
25.61	-16
25.62	-16
25.63	-16
25.64	-16
25.65	-16
25.66	-16
25.67	-16
25.68	-16
25.69	-16
25.7	-16
25.71	-16
25.72	-16
25.73	-16
25.74	-16
25.75	-16
25.76	-16
25.77	-16
25.78	-16
25.79	-16
25.8	-16
25.81	-16
25.82	-16
25.83	-16
25.84	-16
25.85	-16
25.86	-16
25.87	-16
25.88	-16
25.89	-16
25.9	-16
25.91	-16
25.92	-16
25.93	-16
25.94	-16
25.95	-16
25.96	-16
25.97	-16
25.98	-16
25.99	-16
26	-16
26.01	-16
26.02	-16
26.03	-16
26.04	-16
26.05	-16
26.06	-16
26.07	-16
26.08	-16
26.09	-16
26.1	-16
26.11	-16
26.12	-16
26.13	-16
26.14	-16
26.15	-16
26.16	-16
26.17	-16
26.18	-16
26.19	-16
26.2	-16
26.21	-16
26.22	-16
26.23	-16
26.24	-16
26.25	-16
26.26	-16
26.27	-16
26.28	-16
26.29	-16
26.3	-16
26.31	-16
26.32	-16
26.33	-16
26.34	-16
26.35	-16
26.36	-16
26.37	-16
26.38	-16
26.39	-16
26.4	-16
26.41	-16
26.42	-16
26.43	-16
26.44	-16
26.45	-16
26.46	-16
26.47	-16
26.48	-16
26.49	-16
26.5	-16
26.51	-16
26.52	-16
26.53	-16
26.54	-16
26.55	-16
26.56	-16
26.57	-16
26.58	-16
26.59	-16
26.6	-16
26.61	-16
26.62	-16
26.63	-16
26.64	-16
26.65	-16
26.66	-16
26.67	-16
26.68	-16
26.69	-16
26.7	-16
26.71	-16
26.72	-16
26.73	-16
26.74	-16
26.75	-16
26.76	-16
26.77	-16
26.78	-16
26.79	-16
26.8	-16
26.81	-16
26.82	-16
26.83	-16
26.84	-16
26.85	-16
26.86	-16
26.87	-16
26.88	-16
26.89	-16
26.9	-16
26.91	-16
26.92	-16
26.93	-16
26.94	-16
26.95	-16
26.96	-16
26.97	-16
26.98	-16
26.99	-16
27	-16
27.01	-16
27.02	-16
27.03	-16
27.04	-16
27.05	-16
27.06	-16
27.07	-16
27.08	-16
27.09	-16
27.1	-16
27.11	-16
27.12	-16
27.13	-16
27.14	-16
27.15	-16
27.16	-16
27.17	-16
27.18	-16
27.19	-16
27.2	-16
27.21	-16
27.22	-16
27.23	-16
27.24	-16
27.25	-16
27.26	-16
27.27	-16
27.28	-16
27.29	-16
27.3	-16
27.31	-16
27.32	-16
27.33	-16
27.34	-16
27.35	-16
27.36	-16
27.37	-16
27.38	-16
27.39	-16
27.4	-16
27.41	-16
27.42	-16
27.43	-16
27.44	-16
27.45	-16
27.46	-16
27.47	-16
27.48	-16
27.49	-16
27.5	-16
27.51	-16
27.52	-16
27.53	-16
27.54	-16
27.55	-16
27.56	-16
27.57	-16
27.58	-16
27.59	-16
27.6	-16
27.61	-16
27.62	-16
27.63	-16
27.64	-16
27.65	-16
27.66	-16
27.67	-16
27.68	-16
27.69	-16
27.7	-16
27.71	-16
27.72	-16
27.73	-16
27.74	-16
27.75	-16
27.76	-16
27.77	-16
27.78	-16
27.79	-16
27.8	-16
27.81	-16
27.82	-16
27.83	-16
27.84	-16
27.85	-16
27.86	-16
27.87	-16
27.88	-16
27.89	-16
27.9	-16
27.91	-16
27.92	-16
27.93	-16
27.94	-16
27.95	-16
27.96	-16
27.97	-16
27.98	-16
27.99	-16
28	-16
28.01	-16
28.02	-16
28.03	-16
28.04	-16
28.05	-16
28.06	-16
28.07	-16
28.08	-16
28.09	-16
28.1	-16
28.11	-16
28.12	-16
28.13	-16
28.14	-16
28.15	-16
28.16	-16
28.17	-16
28.18	-16
28.19	-16
28.2	-16
28.21	-16
28.22	-16
28.23	-16
28.24	-16
28.25	-16
28.26	-16
28.27	-16
28.28	-16
28.29	-16
28.3	-16
28.31	-16
28.32	-16
28.33	-16
28.34	-16
28.35	-16
28.36	-16
28.37	-16
28.38	-16
28.39	-16
28.4	-16
28.41	-16
28.42	-16
28.43	-16
28.44	-16
28.45	-16
28.46	-16
28.47	-16
28.48	-16
28.49	-16
28.5	-16
28.51	-16
28.52	-16
28.53	-16
28.54	-16
28.55	-16
28.56	-16
28.57	-16
28.58	-16
28.59	-16
28.6	-16
28.61	-16
28.62	-16
28.63	-16
28.64	-16
28.65	-16
28.66	-16
28.67	-16
28.68	-16
28.69	-16
28.7	-16
28.71	-16
28.72	-16
28.73	-16
28.74	-16
28.75	-16
28.76	-16
28.77	-16
28.78	-16
28.79	-16
28.8	-16
28.81	-16
28.82	-16
28.83	-16
28.84	-16
28.85	-16
28.86	-16
28.87	-16
28.88	-16
28.89	-16
28.9	-16
28.91	-16
28.92	-16
28.93	-16
28.94	-16
28.95	-16
28.96	-16
28.97	-16
28.98	-16
28.99	-16
29	-16
29.01	-16
29.02	-16
29.03	-16
29.04	-16
29.05	-16
29.06	-16
29.07	-16
29.08	-16
29.09	-16
29.1	-16
29.11	-16
29.12	-16
29.13	-16
29.14	-16
29.15	-16
29.16	-16
29.17	-16
29.18	-16
29.19	-16
29.2	-16
29.21	-16
29.22	-16
29.23	-16
29.24	-16
29.25	-16
29.26	-16
29.27	-16
29.28	-16
29.29	-16
29.3	-16
29.31	-16
29.32	-16
29.33	-16
29.34	-16
29.35	-16
29.36	-16
29.37	-16
29.38	-16
29.39	-16
29.4	-16
29.41	-16
29.42	-16
29.43	-16
29.44	-16
29.45	-16
29.46	-16
29.47	-16
29.48	-16
29.49	-16
29.5	-16
29.51	-16
29.52	-16
29.53	-16
29.54	-16
29.55	-16
29.56	-16
29.57	-16
29.58	-16
29.59	-16
29.6	-16
29.61	-16
29.62	-16
29.63	-16
29.64	-16
29.65	-16
29.66	-16
29.67	-16
29.68	-16
29.69	-16
29.7	-16
29.71	-16
29.72	-16
29.73	-16
29.74	-16
29.75	-16
29.76	-16
29.77	-16
29.78	-16
29.79	-16
29.8	-16
29.81	-16
29.82	-16
29.83	-16
29.84	-16
29.85	-16
29.86	-16
29.87	-16
29.88	-16
29.89	-16
29.9	-16
29.91	-16
29.92	-16
29.93	-16
29.94	-16
29.95	-16
29.96	-16
29.97	-16
29.98	-16
29.99	-16
30	-16
