0	0.7005
0.01	-5.4148
0.02	-11.4999
0.03	-16.3556
0.04	-22.3718
0.05	-26.7352
0.06	-32.4686
0.07	-37.7494
0.08	-42.6798
0.09	-47.4757
0.1	-52.5307
0.11	-57.4581
0.12	-62.0931
0.13	-66.6916
0.14	-71.1989
0.15	-75.8853
0.16	-80.3602
0.17	-84.6629
0.18	-89.0027
0.19	-93.3071
0.2	-97.3554
0.21	-101.578
0.22	-105.222
0.23	-109.468
0.24	-113.728
0.25	-117.927
0.26	-121.543
0.27	-125.459
0.28	-129.248
0.29	-132.806
0.3	-136.604
0.31	-140.02
0.32	-143.695
0.33	-147.46
0.34	-150.905
0.35	-153.911
0.36	-157.265
0.37	-161.174
0.38	-164.089
0.39	-167.387
0.4	-170.734
0.41	-174.211
0.42	-177.002
0.43	-179.723
0.44	-183.24
0.45	-186.078
0.46	-189.255
0.47	-192.242
0.48	-195.014
0.49	-197.956
0.5	-200.934
0.51	-203.804
0.52	-206.41
0.53	-209.476
0.54	-211.933
0.55	-214.852
0.56	-217.581
0.57	-220.216
0.58	-222.508
0.59	-225.536
0.6	-227.952
0.61	-229.918
0.62	-232.723
0.63	-234.998
0.64	-237.923
0.65	-240.189
0.66	-242.468
0.67	-244.86
0.68	-247.147
0.69	-249.4
0.7	-251.676
0.71	-254.055
0.72	-256.219
0.73	-258.36
0.74	-260.929
0.75	-262.773
0.76	-265.082
0.77	-266.923
0.78	-269.28
0.79	-271.513
0.8	-273.429
0.81	-275.382
0.82	-277.369
0.83	-279.537
0.84	-281.374
0.85	-283.613
0.86	-285.237
0.87	-287.125
0.88	-289.139
0.89	-291.035
0.9	-293.102
0.91	-294.94
0.92	-296.649
0.93	-298.386
0.94	-300.072
0.95	-301.915
0.96	-303.776
0.97	-305.464
0.98	-307.313
0.99	-309.104
1	-310.74
1.01	-312.443
1.02	-314.121
1.03	-315.678
1.04	-317.184
1.05	-319.007
1.06	-320.586
1.07	-322.32
1.08	-323.942
1.09	-325.452
1.1	-326.544
1.11	-328.617
1.12	-329.939
1.13	-331.339
1.14	-332.827
1.15	-334.229
1.16	-335.917
1.17	-337.527
1.18	-338.716
1.19	-340.193
1.2	-341.638
1.21	-343.016
1.22	-344.278
1.23	-345.952
1.24	-347.162
1.25	-348.746
1.26	-350.041
1.27	-351.18
1.28	-352.418
1.29	-353.877
1.3	-355.108
1.31	-356.243
1.32	-357.622
1.33	-358.777
1.34	-360.564
1.35	-361.498
1.36	-362.692
1.37	-363.918
1.38	-364.998
1.39	-366.313
1.4	-367.632
1.41	-368.38
1.42	-369.745
1.43	-370.931
1.44	-372.337
1.45	-373.286
1.46	-374.603
1.47	-375.437
1.48	-376.596
1.49	-377.987
1.5	-378.691
1.51	-379.982
1.52	-381.039
1.53	-382.076
1.54	-383.109
1.55	-383.923
1.56	-385.165
1.57	-386.061
1.58	-387.186
1.59	-388.245
1.6	-388.976
1.61	-390.183
1.62	-391.175
1.63	-392.157
1.64	-393.117
1.65	-393.726
1.66	-395.188
1.67	-396.07
1.68	-396.691
1.69	-397.691
1.7	-398.68
1.71	-399.429
1.72	-400.356
1.73	-401.746
1.74	-402.361
1.75	-402.889
1.76	-404.325
1.77	-405.147
1.78	-405.796
1.79	-406.607
1.8	-407.762
1.81	-408.147
1.82	-409.25
1.83	-410.038
1.84	-411.027
1.85	-411.672
1.86	-412.129
1.87	-413.148
1.88	-414.185
1.89	-414.563
1.9	-415.918
1.91	-416.123
1.92	-416.953
1.93	-417.488
1.94	-418.825
1.95	-419.379
1.96	-419.84
1.97	-420.67
1.98	-422.034
1.99	-422.172
2	-422.871
2.01	-423.707
2.02	-424.114
2.03	-424.89
2.04	-425.703
2.05	-426.418
2.06	-426.538
2.07	-427.837
2.08	-428.408
2.09	-429.146
2.1	-429.709
2.11	-430.35
2.12	-431.073
2.13	-431.55
2.14	-432.307
2.15	-432.909
2.16	-433.478
2.17	-434.255
2.18	-435.035
2.19	-435.432
2.2	-435.812
2.21	-436.523
2.22	-437.197
2.23	-437.728
2.24	-438.499
2.25	-438.754
2.26	-439.629
2.27	-439.914
2.28	-440.436
2.29	-441.175
2.3	-442.002
2.31	-442.075
2.32	-442.452
2.33	-443.74
2.34	-443.938
2.35	-444.413
2.36	-445.078
2.37	-445.455
2.38	-446.046
2.39	-446.564
2.4	-446.911
2.41	-447.686
2.42	-448.059
2.43	-448.604
2.44	-449.053
2.45	-449.873
2.46	-450.123
2.47	-450.676
2.48	-451.172
2.49	-451.329
2.5	-452.101
2.51	-452.437
2.52	-453.008
2.53	-453.452
2.54	-453.942
2.55	-454.341
2.56	-454.597
2.57	-455.261
2.58	-455.923
2.59	-455.948
2.6	-456.488
2.61	-456.988
2.62	-457.217
2.63	-457.92
2.64	-458.187
2.65	-458.812
2.66	-458.915
2.67	-459.539
2.68	-459.89
2.69	-460.383
2.7	-460.566
2.71	-461.159
2.72	-461.392
2.73	-461.951
2.74	-462.455
2.75	-462.355
2.76	-462.916
2.77	-463.409
2.78	-464.102
2.79	-464.072
2.8	-464.64
2.81	-464.732
2.82	-465.335
2.83	-465.79
2.84	-466.381
2.85	-466.632
2.86	-466.788
2.87	-467.442
2.88	-467.38
2.89	-467.666
2.9	-468.177
2.91	-468.643
2.92	-468.935
2.93	-469.39
2.94	-469.64
2.95	-469.689
2.96	-470.226
2.97	-470.51
2.98	-470.878
2.99	-471.313
3	-471.481
3.01	-471.711
3.02	-472.409
3.03	-472.374
3.04	-472.857
3.05	-472.929
3.06	-473.226
3.07	-473.742
3.08	-474.048
3.09	-474.073
3.1	-474.593
3.11	-474.933
3.12	-475.045
3.13	-475.114
3.14	-475.682
3.15	-475.853
3.16	-476.08
3.17	-476.461
3.18	-476.642
3.19	-477.067
3.2	-477.332
3.21	-477.615
3.22	-478.117
3.23	-478.405
3.24	-478.487
3.25	-478.668
3.26	-478.786
3.27	-479.052
3.28	-479.44
3.29	-479.89
3.3	-480.402
3.31	-480.278
3.32	-480.464
3.33	-480.61
3.34	-480.956
3.35	-481.043
3.36	-481.593
3.37	-481.665
3.38	-481.863
3.39	-482.26
3.4	-482.249
3.41	-482.405
3.42	-482.882
3.43	-483.227
3.44	-483.146
3.45	-483.51
3.46	-483.845
3.47	-483.749
3.48	-484.31
3.49	-484.183
3.5	-484.675
3.51	-484.928
3.52	-485.374
3.53	-485.164
3.54	-485.366
3.55	-485.863
3.56	-485.824
3.57	-485.995
3.58	-486.247
3.59	-486.526
3.6	-486.906
3.61	-486.629
3.62	-487.163
3.63	-487.072
3.64	-487.278
3.65	-487.776
3.66	-487.925
3.67	-488.241
3.68	-488.418
3.69	-488.227
3.7	-488.475
3.71	-489.003
3.72	-489.02
3.73	-488.92
3.74	-489.325
3.75	-489.62
3.76	-489.734
3.77	-490.015
3.78	-490.064
3.79	-490.143
3.8	-490.26
3.81	-490.247
3.82	-490.618
3.83	-490.847
3.84	-491.11
3.85	-491.488
3.86	-491.205
3.87	-491.61
3.88	-491.952
3.89	-492.062
3.9	-492.416
3.91	-492.338
3.92	-492.39
3.93	-492.51
3.94	-492.819
3.95	-492.692
3.96	-492.97
3.97	-493.097
3.98	-493.262
3.99	-493.425
4	-493.922
4.01	-493.876
4.02	-493.896
4.03	-493.841
4.04	-494.317
4.05	-494.266
4.06	-494.316
4.07	-494.414
4.08	-494.827
4.09	-494.727
4.1	-495.111
4.11	-494.812
4.12	-495.502
4.13	-495.564
4.14	-495.539
4.15	-495.686
4.16	-495.874
4.17	-495.634
4.18	-496.198
4.19	-496.16
4.2	-496.498
4.21	-496.224
4.22	-496.685
4.23	-496.672
4.24	-496.743
4.25	-497.034
4.26	-497.113
4.27	-497.33
4.28	-497.323
4.29	-497.444
4.3	-497.418
4.31	-497.6
4.32	-497.862
4.33	-497.991
4.34	-497.897
4.35	-498.219
4.36	-498.194
4.37	-498.486
4.38	-498.376
4.39	-498.682
4.4	-498.679
4.41	-498.655
4.42	-498.936
4.43	-498.817
4.44	-499.001
4.45	-499.137
4.46	-499.462
4.47	-499.292
4.48	-499.318
4.49	-499.627
4.5	-499.62
4.51	-499.768
4.52	-500.042
4.53	-499.957
4.54	-500.037
4.55	-500.331
4.56	-500.074
4.57	-500.345
4.58	-500.253
4.59	-500.481
4.6	-500.651
4.61	-500.825
4.62	-500.857
4.63	-500.911
4.64	-501.024
4.65	-501.132
4.66	-501.342
4.67	-501.226
4.68	-501.355
4.69	-501.513
4.7	-501.723
4.71	-501.675
4.72	-501.584
4.73	-501.959
4.74	-502.259
4.75	-502.051
4.76	-501.829
4.77	-502.136
4.78	-502.177
4.79	-502.533
4.8	-502.502
4.81	-502.239
4.82	-502.503
4.83	-502.729
4.84	-502.618
4.85	-502.805
4.86	-502.937
4.87	-503.004
4.88	-502.893
4.89	-503.356
4.9	-503.164
4.91	-503.307
4.92	-503.315
4.93	-503.227
4.94	-503.368
4.95	-503.393
4.96	-503.229
4.97	-503.651
4.98	-503.368
4.99	-503.698
5	-503.526
5.01	-503.848
5.02	-503.881
5.03	-504.156
5.04	-504.38
5.05	-504.18
5.06	-504.331
5.07	-504.462
5.08	-504.459
5.09	-504.457
5.1	-504.411
5.11	-504.728
5.12	-504.466
5.13	-504.9
5.14	-504.644
5.15	-504.767
5.16	-504.945
5.17	-504.765
5.18	-504.97
5.19	-504.983
5.2	-504.989
5.21	-505.044
5.22	-505.237
5.23	-505.339
5.24	-505.118
5.25	-505.276
5.26	-505.383
5.27	-505.55
5.28	-505.662
5.29	-505.539
5.3	-505.426
5.31	-505.632
5.32	-505.739
5.33	-505.914
5.34	-505.991
5.35	-505.636
5.36	-505.654
5.37	-505.791
5.38	-505.959
5.39	-505.937
5.4	-506.318
5.41	-506.491
5.42	-505.952
5.43	-506.276
5.44	-506.626
5.45	-506.554
5.46	-506.462
5.47	-506.681
5.48	-506.354
5.49	-506.455
5.5	-506.451
5.51	-506.874
5.52	-506.764
5.53	-506.916
5.54	-506.728
5.55	-506.859
5.56	-507.012
5.57	-507.257
5.58	-506.887
5.59	-507.09
5.6	-507.173
5.61	-506.96
5.62	-507.193
5.63	-507.255
5.64	-507.064
5.65	-507.431
5.66	-507.431
5.67	-507.254
5.68	-507.558
5.69	-507.609
5.7	-507.671
5.71	-507.532
5.72	-507.508
5.73	-507.513
5.74	-507.582
5.75	-507.974
5.76	-507.404
5.77	-507.779
5.78	-507.498
5.79	-508.251
5.8	-508.045
5.81	-507.854
5.82	-507.694
5.83	-507.938
5.84	-508.227
5.85	-508.166
5.86	-508.255
5.87	-508.336
5.88	-508.065
5.89	-508.027
5.9	-508.106
5.91	-508.472
5.92	-508.297
5.93	-508.275
5.94	-508.459
5.95	-508.179
5.96	-508.574
5.97	-508.493
5.98	-508.496
5.99	-508.504
6	-508.641
6.01	-508.426
6.02	-508.623
6.03	-508.746
6.04	-508.997
6.05	-508.855
6.06	-508.781
6.07	-508.52
6.08	-508.786
6.09	-509.057
6.1	-508.404
6.11	-508.933
6.12	-508.516
6.13	-508.621
6.14	-508.742
6.15	-508.88
6.16	-508.926
6.17	-509.007
6.18	-508.542
6.19	-509.315
6.2	-508.801
6.21	-508.988
6.22	-508.989
6.23	-509.241
6.24	-508.891
6.25	-509.281
6.26	-509.489
6.27	-509.318
6.28	-509.6
6.29	-509.442
6.3	-509.265
6.31	-509.372
6.32	-509.871
6.33	-509.54
6.34	-509.087
6.35	-509.618
6.36	-509.427
6.37	-509.805
6.38	-509.584
6.39	-509.668
6.4	-509.57
6.41	-509.587
6.42	-509.388
6.43	-509.622
6.44	-509.795
6.45	-509.347
6.46	-509.632
6.47	-509.805
6.48	-509.778
6.49	-509.75
6.5	-510.044
6.51	-509.726
6.52	-509.983
6.53	-509.865
6.54	-509.918
6.55	-509.779
6.56	-510.06
6.57	-510.098
6.58	-509.998
6.59	-510.15
6.6	-510.172
6.61	-509.748
6.62	-509.94
6.63	-510.317
6.64	-510.155
6.65	-510.176
6.66	-510.266
6.67	-510.256
6.68	-510.402
6.69	-510.036
6.7	-510.173
6.71	-510.414
6.72	-510.153
6.73	-510.359
6.74	-510.241
6.75	-510.222
6.76	-510.211
6.77	-510.047
6.78	-510.341
6.79	-510.272
6.8	-510.178
6.81	-510.222
6.82	-510.42
6.83	-510.466
6.84	-510.327
6.85	-510.363
6.86	-510.527
6.87	-510.609
6.88	-510.49
6.89	-510.489
6.9	-510.669
6.91	-510.547
6.92	-510.737
6.93	-510.683
6.94	-510.698
6.95	-510.734
6.96	-510.694
6.97	-510.658
6.98	-510.499
6.99	-510.656
7	-510.568
7.01	-510.692
7.02	-510.828
7.03	-510.729
7.04	-510.377
7.05	-510.69
7.06	-510.726
7.07	-510.698
7.08	-510.812
7.09	-510.82
7.1	-510.751
7.11	-511.006
7.12	-510.798
7.13	-510.759
7.14	-510.847
7.15	-510.78
7.16	-510.821
7.17	-510.99
7.18	-510.738
7.19	-510.892
7.2	-510.931
7.21	-510.62
7.22	-511.013
7.23	-510.911
7.24	-510.858
7.25	-511.147
7.26	-510.765
7.27	-510.839
7.28	-511.037
7.29	-511.043
7.3	-511.108
7.31	-510.904
7.32	-510.853
7.33	-511.291
7.34	-511.055
7.35	-510.99
7.36	-510.864
7.37	-510.835
7.38	-510.99
7.39	-511.153
7.4	-511.076
7.41	-511.192
7.42	-511.148
7.43	-511.022
7.44	-511.149
7.45	-511.145
7.46	-511.086
7.47	-511.173
7.48	-511.269
7.49	-511.191
7.5	-511.097
7.51	-511.21
7.52	-511.136
7.53	-511.107
7.54	-511.171
7.55	-511.307
7.56	-511.126
7.57	-511.244
7.58	-511.238
7.59	-511.364
7.6	-511.22
7.61	-511.13
7.62	-511.227
7.63	-511.438
7.64	-511.212
7.65	-511.403
7.66	-511.416
7.67	-511.251
7.68	-511.277
7.69	-511.489
7.7	-511.372
7.71	-511.311
7.72	-511.227
7.73	-511.312
7.74	-511.417
7.75	-511.292
7.76	-511.315
7.77	-511.426
7.78	-511.457
7.79	-511.453
7.8	-511.416
7.81	-511.478
7.82	-511.527
7.83	-511.438
7.84	-511.46
7.85	-511.408
7.86	-511.546
7.87	-511.489
7.88	-511.396
7.89	-511.325
7.9	-511.43
7.91	-511.464
7.92	-511.471
7.93	-511.483
7.94	-511.573
7.95	-511.39
7.96	-511.325
7.97	-511.602
7.98	-511.521
7.99	-511.476
8	-511.541
8.01	-511.435
8.02	-511.527
8.03	-511.539
8.04	-511.514
8.05	-511.615
8.06	-511.528
8.07	-511.525
8.08	-511.573
8.09	-511.52
8.1	-511.459
8.11	-511.469
8.12	-511.347
8.13	-511.587
8.14	-511.537
8.15	-511.566
8.16	-511.651
8.17	-511.68
8.18	-511.654
8.19	-511.551
8.2	-511.564
8.21	-511.567
8.22	-511.578
8.23	-511.601
8.24	-511.634
8.25	-511.596
8.26	-511.606
8.27	-511.706
8.28	-511.728
8.29	-511.627
8.3	-511.633
8.31	-511.684
8.32	-511.35
8.33	-511.585
8.34	-511.507
8.35	-511.661
8.36	-511.632
8.37	-511.693
8.38	-511.48
8.39	-511.705
8.4	-511.748
8.41	-511.72
8.42	-511.645
8.43	-511.698
8.44	-511.704
8.45	-511.66
8.46	-511.602
8.47	-511.715
8.48	-511.717
8.49	-511.701
8.5	-511.676
8.51	-511.712
8.52	-511.715
8.53	-511.651
8.54	-511.769
8.55	-511.689
8.56	-511.574
8.57	-511.705
8.58	-511.729
8.59	-511.82
8.6	-511.776
8.61	-511.789
8.62	-511.738
8.63	-511.645
8.64	-511.723
8.65	-511.767
8.66	-511.757
8.67	-511.714
8.68	-511.724
8.69	-511.702
8.7	-511.739
8.71	-511.817
8.72	-511.723
8.73	-511.759
8.74	-511.809
8.75	-511.817
8.76	-511.831
8.77	-511.591
8.78	-511.807
8.79	-511.633
8.8	-511.811
8.81	-511.565
8.82	-511.759
8.83	-511.813
8.84	-511.784
8.85	-511.839
8.86	-511.744
8.87	-511.86
8.88	-511.805
8.89	-511.751
8.9	-511.705
8.91	-511.759
8.92	-511.806
8.93	-511.856
8.94	-511.776
8.95	-511.786
8.96	-511.825
8.97	-511.821
8.98	-511.837
8.99	-511.78
9	-511.785
9.01	-511.764
9.02	-511.892
9.03	-511.863
9.04	-511.865
9.05	-511.875
9.06	-511.88
9.07	-511.801
9.08	-511.852
9.09	-511.864
9.1	-511.893
9.11	-511.849
9.12	-511.801
9.13	-511.885
9.14	-511.867
9.15	-511.873
9.16	-511.845
9.17	-511.832
9.18	-511.867
9.19	-511.869
9.2	-511.834
9.21	-511.835
9.22	-511.884
9.23	-511.893
9.24	-511.896
9.25	-511.895
9.26	-511.822
9.27	-511.863
9.28	-511.923
9.29	-511.79
9.3	-511.835
9.31	-511.889
9.32	-511.882
9.33	-511.884
9.34	-511.878
9.35	-511.893
9.36	-511.853
9.37	-511.847
9.38	-511.917
9.39	-511.825
9.4	-511.885
9.41	-511.882
9.42	-511.891
9.43	-511.896
9.44	-511.903
9.45	-511.857
9.46	-511.814
9.47	-511.904
9.48	-511.923
9.49	-511.893
9.5	-511.906
9.51	-511.857
9.52	-511.817
9.53	-511.919
9.54	-511.892
9.55	-511.928
9.56	-511.929
9.57	-511.851
9.58	-511.918
9.59	-511.898
9.6	-511.894
9.61	-511.903
9.62	-511.927
9.63	-511.925
9.64	-511.934
9.65	-511.893
9.66	-511.858
9.67	-511.848
9.68	-511.92
9.69	-511.94
9.7	-511.902
9.71	-511.927
9.72	-511.913
9.73	-511.919
9.74	-511.907
9.75	-511.914
9.76	-511.903
9.77	-511.92
9.78	-511.924
9.79	-511.92
9.8	-511.923
9.81	-511.819
9.82	-511.94
9.83	-511.826
9.84	-511.813
9.85	-511.872
9.86	-511.764
9.87	-511.951
9.88	-511.921
9.89	-511.904
9.9	-511.944
9.91	-511.892
9.92	-511.95
9.93	-511.929
9.94	-511.904
9.95	-511.942
9.96	-511.932
9.97	-511.932
9.98	-511.959
9.99	-511.933
10	-511.959
10.01	-511.955
10.02	-511.903
10.03	-511.949
10.04	-511.962
10.05	-511.959
10.06	-511.94
10.07	-511.957
10.08	-511.962
10.09	-511.956
10.1	-511.933
10.11	-511.978
10.12	-511.943
10.13	-511.898
10.14	-511.939
10.15	-511.95
10.16	-511.924
10.17	-511.966
10.18	-511.948
10.19	-511.953
10.2	-511.805
10.21	-511.949
10.22	-511.963
10.23	-511.956
10.24	-511.93
10.25	-511.95
10.26	-511.916
10.27	-511.938
10.28	-511.965
10.29	-511.911
10.3	-511.959
10.31	-511.895
10.32	-511.937
10.33	-511.969
10.34	-511.949
10.35	-511.879
10.36	-511.964
10.37	-511.964
10.38	-511.962
10.39	-511.932
10.4	-511.962
10.41	-511.981
10.42	-511.959
10.43	-511.935
10.44	-511.969
10.45	-511.911
10.46	-511.968
10.47	-511.978
10.48	-511.939
10.49	-511.974
10.5	-511.942
10.51	-511.943
10.52	-511.983
10.53	-511.948
10.54	-511.926
10.55	-511.952
10.56	-511.962
10.57	-511.973
10.58	-511.976
10.59	-511.978
10.6	-511.971
10.61	-511.976
10.62	-511.969
10.63	-511.965
10.64	-511.968
10.65	-511.966
10.66	-511.964
10.67	-511.958
10.68	-511.97
10.69	-511.955
10.7	-511.979
10.71	-511.971
10.72	-511.94
10.73	-511.979
10.74	-511.971
10.75	-511.979
10.76	-511.978
10.77	-511.953
10.78	-511.982
10.79	-511.967
10.8	-511.945
10.81	-511.982
10.82	-511.945
10.83	-511.977
10.84	-511.981
10.85	-511.942
10.86	-511.924
10.87	-511.984
10.88	-511.957
10.89	-511.988
10.9	-511.979
10.91	-511.984
10.92	-511.981
10.93	-511.988
10.94	-511.976
10.95	-511.967
10.96	-511.961
10.97	-511.992
10.98	-511.934
10.99	-511.984
11	-511.991
11.01	-511.987
11.02	-511.986
11.03	-511.986
11.04	-511.957
11.05	-511.985
11.06	-511.979
11.07	-511.987
11.08	-511.969
11.09	-511.981
11.1	-511.96
11.11	-511.988
11.12	-511.991
11.13	-511.978
11.14	-511.98
11.15	-511.99
11.16	-511.981
11.17	-511.976
11.18	-511.985
11.19	-511.982
11.2	-511.988
11.21	-511.99
11.22	-511.965
11.23	-511.991
11.24	-511.975
11.25	-511.982
11.26	-511.988
11.27	-511.996
11.28	-511.99
11.29	-511.983
11.3	-511.985
11.31	-511.954
11.32	-511.966
11.33	-511.991
11.34	-511.993
11.35	-511.967
11.36	-511.986
11.37	-511.99
11.38	-511.992
11.39	-511.979
11.4	-511.96
11.41	-511.987
11.42	-511.98
11.43	-511.991
11.44	-511.976
11.45	-511.992
11.46	-511.978
11.47	-511.989
11.48	-511.992
11.49	-511.981
11.5	-511.992
11.51	-511.945
11.52	-511.983
11.53	-511.99
11.54	-511.991
11.55	-511.983
11.56	-511.994
11.57	-511.995
11.58	-511.993
11.59	-511.983
11.6	-511.979
11.61	-511.989
11.62	-511.993
11.63	-511.989
11.64	-511.993
11.65	-511.996
11.66	-511.957
11.67	-511.986
11.68	-511.986
11.69	-511.995
11.7	-511.994
11.71	-511.993
11.72	-511.994
11.73	-511.931
11.74	-511.973
11.75	-511.995
11.76	-511.994
11.77	-511.998
11.78	-511.997
11.79	-511.945
11.8	-511.993
11.81	-511.993
11.82	-511.989
11.83	-511.996
11.84	-511.992
11.85	-511.989
11.86	-511.996
11.87	-511.997
11.88	-511.995
11.89	-511.997
11.9	-511.997
11.91	-511.995
11.92	-511.994
11.93	-511.998
11.94	-511.997
11.95	-511.99
11.96	-511.988
11.97	-511.992
11.98	-511.997
11.99	-511.997
12	-511.982
12.01	-511.995
12.02	-511.992
12.03	-511.994
12.04	-511.996
12.05	-511.996
12.06	-511.993
12.07	-511.995
12.08	-511.994
12.09	-511.996
12.1	-511.995
12.11	-511.998
12.12	-511.993
12.13	-511.973
12.14	-511.995
12.15	-511.995
12.16	-511.992
12.17	-511.994
12.18	-511.996
12.19	-511.995
12.2	-511.988
12.21	-511.998
12.22	-511.99
12.23	-511.995
12.24	-511.993
12.25	-511.991
12.26	-511.995
12.27	-511.994
12.28	-511.993
12.29	-511.996
12.3	-511.982
12.31	-511.996
12.32	-511.998
12.33	-511.999
12.34	-511.998
12.35	-512
12.36	-511.99
12.37	-511.993
12.38	-511.985
12.39	-511.997
12.4	-511.997
12.41	-511.98
12.42	-511.998
12.43	-511.987
12.44	-511.992
12.45	-511.994
12.46	-511.991
12.47	-511.997
12.48	-511.998
12.49	-511.998
12.5	-511.997
12.51	-511.996
12.52	-511.997
12.53	-511.998
12.54	-511.997
12.55	-511.998
12.56	-511.982
12.57	-511.995
12.58	-511.998
12.59	-511.998
12.6	-511.995
12.61	-511.999
12.62	-511.995
12.63	-511.998
12.64	-511.999
12.65	-511.997
12.66	-511.998
12.67	-511.998
12.68	-511.985
12.69	-511.999
12.7	-511.998
12.71	-512
12.72	-511.999
12.73	-511.998
12.74	-511.998
12.75	-511.999
12.76	-511.996
12.77	-511.999
12.78	-511.995
12.79	-511.999
12.8	-511.999
12.81	-511.998
12.82	-511.991
12.83	-511.997
12.84	-511.978
12.85	-511.999
12.86	-511.995
12.87	-511.999
12.88	-511.997
12.89	-511.995
12.9	-511.999
12.91	-511.997
12.92	-511.999
12.93	-511.997
12.94	-511.992
12.95	-511.985
12.96	-511.954
12.97	-511.998
12.98	-511.995
12.99	-511.998
13	-512
13.01	-512
13.02	-511.999
13.03	-511.999
13.04	-511.996
13.05	-511.999
13.06	-511.999
13.07	-511.998
13.08	-511.996
13.09	-511.999
13.1	-511.999
13.11	-512
13.12	-511.985
13.13	-511.997
13.14	-511.998
13.15	-511.998
13.16	-511.999
13.17	-511.999
13.18	-511.998
13.19	-511.998
13.2	-511.998
13.21	-511.997
13.22	-511.999
13.23	-511.989
13.24	-511.999
13.25	-511.999
13.26	-511.999
13.27	-511.999
13.28	-511.999
13.29	-511.998
13.3	-511.999
13.31	-512
13.32	-511.999
13.33	-511.999
13.34	-511.999
13.35	-511.999
13.36	-512
13.37	-511.998
13.38	-511.999
13.39	-512
13.4	-512
13.41	-511.999
13.42	-511.968
13.43	-511.998
13.44	-512
13.45	-512
13.46	-511.996
13.47	-511.998
13.48	-511.999
13.49	-511.999
13.5	-511.999
13.51	-511.999
13.52	-512
13.53	-511.999
13.54	-511.999
13.55	-511.999
13.56	-511.999
13.57	-511.999
13.58	-512
13.59	-512
13.6	-511.999
13.61	-511.999
13.62	-511.997
13.63	-511.999
13.64	-511.999
13.65	-512
13.66	-512
13.67	-512
13.68	-512
13.69	-511.998
13.7	-512
13.71	-511.998
13.72	-511.997
13.73	-511.998
13.74	-512
13.75	-511.991
13.76	-511.982
13.77	-511.999
13.78	-511.998
13.79	-511.998
13.8	-511.999
13.81	-512
13.82	-511.999
13.83	-512
13.84	-512
13.85	-511.999
13.86	-512
13.87	-511.999
13.88	-512
13.89	-511.999
13.9	-511.997
13.91	-512
13.92	-512
13.93	-512
13.94	-512
13.95	-512
13.96	-511.999
13.97	-512
13.98	-512
13.99	-512
14	-512
14.01	-512
14.02	-512
14.03	-512
14.04	-512
14.05	-512
14.06	-511.952
14.07	-512
14.08	-512
14.09	-511.999
14.1	-511.999
14.11	-511.999
14.12	-511.997
14.13	-512
14.14	-511.999
14.15	-511.998
14.16	-512
14.17	-511.999
14.18	-511.999
14.19	-511.999
14.2	-512
14.21	-512
14.22	-512
14.23	-511.999
14.24	-511.987
14.25	-512
14.26	-512
14.27	-512
14.28	-512
14.29	-511.999
14.3	-511.999
14.31	-511.999
14.32	-512
14.33	-512
14.34	-512
14.35	-512
14.36	-511.995
14.37	-512
14.38	-511.999
14.39	-512
14.4	-511.998
14.41	-512
14.42	-512
14.43	-512
14.44	-512
14.45	-512
14.46	-512
14.47	-511.998
14.48	-512
14.49	-511.999
14.5	-512
14.51	-512
14.52	-512
14.53	-512
14.54	-512
14.55	-512
14.56	-512
14.57	-512
14.58	-512
14.59	-512
14.6	-512
14.61	-512
14.62	-512
14.63	-512
14.64	-512
14.65	-512
14.66	-512
14.67	-512
14.68	-512
14.69	-511.999
14.7	-512
14.71	-512
14.72	-512
14.73	-512
14.74	-511.999
14.75	-511.976
14.76	-512
14.77	-512
14.78	-512
14.79	-512
14.8	-511.922
14.81	-512
14.82	-512
14.83	-512
14.84	-512
14.85	-512
14.86	-512
14.87	-512
14.88	-512
14.89	-512
14.9	-512
14.91	-512
14.92	-512
14.93	-512
14.94	-512
14.95	-512
14.96	-512
14.97	-511.999
14.98	-512
14.99	-512
15	-511.997
15.01	-512
