0	0
0.01	0.000295452
0.02	0.000348532
0.03	0.000431114
0.04	0.000594767
0.05	0.000865033
0.06	0.00128488
0.07	0.00149871
0.08	0.00178535
0.09	0.00211757
0.1	0.00246735
0.11	0.00286139
0.12	0.00326299
0.13	0.00364886
0.14	0.00423693
0.15	0.00480719
0.16	0.00541102
0.17	0.00593189
0.18	0.00667816
0.19	0.00739592
0.2	0.00807512
0.21	0.00893245
0.22	0.00989724
0.23	0.0108999
0.24	0.0118393
0.25	0.0125653
0.26	0.0132992
0.27	0.0141432
0.28	0.0150903
0.29	0.01599
0.3	0.0168787
0.31	0.0180367
0.32	0.01922
0.33	0.0201162
0.34	0.0210725
0.35	0.0222789
0.36	0.0236433
0.37	0.0248242
0.38	0.0260189
0.39	0.0273875
0.4	0.0286405
0.41	0.0297569
0.42	0.0309725
0.43	0.0325016
0.44	0.0337642
0.45	0.0350743
0.46	0.0363726
0.47	0.0376158
0.48	0.0389644
0.49	0.0404662
0.5	0.0415854
0.51	0.042893
0.52	0.0443112
0.53	0.045673
0.54	0.0470209
0.55	0.0484349
0.56	0.0497371
0.57	0.0510965
0.58	0.0525145
0.59	0.0538197
0.6	0.0551706
0.61	0.0567591
0.62	0.058068
0.63	0.0601371
0.64	0.0616479
0.65	0.0629448
0.66	0.0643912
0.67	0.0659797
0.68	0.0676133
0.69	0.0692667
0.7	0.0710055
0.71	0.0721748
0.72	0.0740278
0.73	0.0764246
0.74	0.0772054
0.75	0.078807
0.76	0.0805393
0.77	0.0823002
0.78	0.0840985
0.79	0.0855824
0.8	0.087225
0.81	0.0885035
0.82	0.0890654
0.83	0.0924138
0.84	0.0941594
0.85	0.0955917
0.86	0.0975825
0.87	0.100432
0.88	0.101199
0.89	0.102908
0.9	0.104681
0.91	0.104583
0.92	0.107987
0.93	0.111944
0.94	0.111706
0.95	0.113578
0.96	0.118429
0.97	0.117313
0.98	0.119142
0.99	0.120623
1	0.122281
1.01	0.124075
1.02	0.125974
1.03	0.128075
1.04	0.129457
1.05	0.131181
1.06	0.132905
1.07	0.134718
1.08	0.136366
1.09	0.13804
1.1	0.139971
1.11	0.141935
1.12	0.143676
1.13	0.145612
1.14	0.147577
1.15	0.149557
1.16	0.149792
1.17	0.153406
1.18	0.154824
1.19	0.156615
1.2	0.159105
1.21	0.160786
1.22	0.162545
1.23	0.169867
1.24	0.165898
1.25	0.168161
1.26	0.169664
1.27	0.171501
1.28	0.173394
1.29	0.174517
1.3	0.177077
1.31	0.17899
1.32	0.180961
1.33	0.18284
1.34	0.188053
1.35	0.186258
1.36	0.188094
1.37	0.190088
1.38	0.19136
1.39	0.193726
1.4	0.195627
1.41	0.196912
1.42	0.198418
1.43	0.201277
1.44	0.203016
1.45	0.20462
1.46	0.208628
1.47	0.208122
1.48	0.209909
1.49	0.21028
1.5	0.213141
1.51	0.215351
1.52	0.215708
1.53	0.219202
1.54	0.220833
1.55	0.22441
1.56	0.225027
1.57	0.226082
1.58	0.227886
1.59	0.229974
1.6	0.231472
1.61	0.233534
1.62	0.233685
1.63	0.236767
1.64	0.233864
1.65	0.238952
1.66	0.239409
1.67	0.244356
1.68	0.245968
1.69	0.247743
1.7	0.249761
1.71	0.251174
1.72	0.253622
1.73	0.25454
1.74	0.257466
1.75	0.257935
1.76	0.259799
1.77	0.262022
1.78	0.262808
1.79	0.266496
1.8	0.266102
1.81	0.262721
1.82	0.263946
1.83	0.270682
1.84	0.272321
1.85	0.271838
1.86	0.276496
1.87	0.278425
1.88	0.278837
1.89	0.280608
1.9	0.282267
1.91	0.283612
1.92	0.294349
1.93	0.28926
1.94	0.287056
1.95	0.290333
1.96	0.29176
1.97	0.295582
1.98	0.294596
1.99	0.295939
2	0.297366
2.01	0.301246
2.02	0.300531
2.03	0.302108
2.04	0.307676
2.05	0.305016
2.06	0.309805
2.07	0.308641
2.08	0.310623
2.09	0.311554
2.1	0.31275
2.11	0.313651
2.12	0.315627
2.13	0.314831
2.14	0.320157
2.15	0.31971
2.16	0.321397
2.17	0.322958
2.18	0.325133
2.19	0.325266
2.2	0.32167
2.21	0.327964
2.22	0.329731
2.23	0.330495
2.24	0.332522
2.25	0.333111
2.26	0.3353
2.27	0.336983
2.28	0.336056
2.29	0.338331
2.3	0.340117
2.31	0.34179
2.32	0.338284
2.33	0.345063
2.34	0.345963
2.35	0.347301
2.36	0.349025
2.37	0.349264
2.38	0.350244
2.39	0.349929
2.4	0.353941
2.41	0.353155
2.42	0.357832
2.43	0.358031
2.44	0.358486
2.45	0.358863
2.46	0.364144
2.47	0.365379
2.48	0.36096
2.49	0.36268
2.5	0.364187
2.51	0.365947
2.52	0.360188
2.53	0.370889
2.54	0.355239
2.55	0.372117
2.56	0.371085
2.57	0.373754
2.58	0.370466
2.59	0.3732
2.6	0.373368
2.61	0.374917
2.62	0.37692
2.63	0.377702
2.64	0.378688
2.65	0.378724
2.66	0.380115
2.67	0.381317
2.68	0.386303
2.69	0.387485
2.7	0.386695
2.71	0.382868
2.72	0.384379
2.73	0.385229
2.74	0.387822
2.75	0.386988
2.76	0.388497
2.77	0.390095
2.78	0.384341
2.79	0.389154
2.8	0.392861
2.81	0.392715
2.82	0.393373
2.83	0.399334
2.84	0.395839
2.85	0.397944
2.86	0.395469
2.87	0.401291
2.88	0.397733
2.89	0.397834
2.9	0.398646
2.91	0.398468
2.92	0.398002
2.93	0.400493
2.94	0.400867
2.95	0.401073
2.96	0.402807
2.97	0.400762
2.98	0.402273
2.99	0.40261
3	0.402392
3.01	0.407756
3.02	0.405554
3.03	0.404639
3.04	0.402381
3.05	0.407127
3.06	0.409093
3.07	0.409398
3.08	0.410118
3.09	0.409815
3.1	0.410954
3.11	0.410673
3.12	0.412501
3.13	0.40847
3.14	0.410519
3.15	0.414168
3.16	0.419752
3.17	0.414429
3.18	0.415226
3.19	0.41469
3.2	0.416402
3.21	0.418306
3.22	0.41586
3.23	0.417712
3.24	0.417236
3.25	0.415626
3.26	0.417029
3.27	0.41465
3.28	0.422846
3.29	0.417752
3.3	0.411767
3.31	0.417937
3.32	0.413917
3.33	0.419241
3.34	0.420387
3.35	0.419305
3.36	0.421582
3.37	0.419746
3.38	0.42093
3.39	0.41833
3.4	0.424741
3.41	0.423392
3.42	0.423489
3.43	0.4274
3.44	0.424768
3.45	0.42322
3.46	0.42371
3.47	0.423713
3.48	0.424443
3.49	0.422731
3.5	0.420422
3.51	0.423925
3.52	0.420885
3.53	0.425189
3.54	0.427919
3.55	0.41284
3.56	0.40951
3.57	0.424102
3.58	0.430137
3.59	0.424752
3.6	0.425534
3.61	0.42452
3.62	0.415449
3.63	0.41246
3.64	0.4201
3.65	0.42338
3.66	0.426084
3.67	0.431003
3.68	0.425309
3.69	0.423484
3.7	0.424066
3.71	0.426861
3.72	0.427336
3.73	0.427884
3.74	0.430854
3.75	0.429082
3.76	0.426764
3.77	0.431584
3.78	0.424601
3.79	0.427338
3.8	0.428181
3.81	0.426419
3.82	0.428362
3.83	0.440235
3.84	0.437311
3.85	0.428491
3.86	0.433091
3.87	0.428726
3.88	0.428164
3.89	0.430398
3.9	0.429008
3.91	0.421782
3.92	0.429115
3.93	0.427841
3.94	0.430046
3.95	0.437062
3.96	0.428676
3.97	0.428455
3.98	0.4249
3.99	0.428849
4	0.428013
4.01	0.427631
4.02	0.428089
4.03	0.419828
4.04	0.426979
4.05	0.431749
4.06	0.427237
4.07	0.429406
4.08	0.434151
4.09	0.423311
4.1	0.4346
4.11	0.431519
4.12	0.434532
4.13	0.428601
4.14	0.428387
4.15	0.429655
4.16	0.436155
4.17	0.431991
4.18	0.428744
4.19	0.430111
4.2	0.42949
4.21	0.427763
4.22	0.428219
4.23	0.428276
4.24	0.42607
4.25	0.428227
4.26	0.42441
4.27	0.427606
4.28	0.427611
4.29	0.411623
4.3	0.429197
4.31	0.425587
4.32	0.427106
4.33	0.430295
4.34	0.427702
4.35	0.428387
4.36	0.428693
4.37	0.428831
4.38	0.427355
4.39	0.427115
4.4	0.410557
4.41	0.439315
4.42	0.427267
4.43	0.422102
4.44	0.437034
4.45	0.427419
4.46	0.427679
4.47	0.424549
4.48	0.426311
4.49	0.423471
4.5	0.423989
4.51	0.421492
4.52	0.426333
4.53	0.417371
4.54	0.428586
4.55	0.4269
4.56	0.42315
4.57	0.425144
4.58	0.419518
4.59	0.427603
4.6	0.426099
4.61	0.425239
4.62	0.423702
4.63	0.422126
4.64	0.420001
4.65	0.421187
4.66	0.425859
4.67	0.415648
4.68	0.426117
4.69	0.425817
4.7	0.426005
4.71	0.420198
4.72	0.424357
4.73	0.42575
4.74	0.42745
4.75	0.428628
4.76	0.424238
4.77	0.41999
4.78	0.421993
4.79	0.419328
4.8	0.423696
4.81	0.424067
4.82	0.421448
4.83	0.424915
4.84	0.417178
4.85	0.426216
4.86	0.425898
4.87	0.420857
4.88	0.423997
4.89	0.419964
4.9	0.427069
4.91	0.429129
4.92	0.423797
4.93	0.403156
4.94	0.425811
4.95	0.425836
4.96	0.420357
4.97	0.420794
4.98	0.419299
4.99	0.420868
5	0.420526
5.01	0.419828
5.02	0.422532
5.03	0.420118
5.04	0.414593
5.05	0.424179
5.06	0.425096
5.07	0.419422
5.08	0.408368
5.09	0.419591
5.1	0.421436
5.11	0.42233
5.12	0.421202
5.13	0.417948
5.14	0.421958
5.15	0.422582
5.16	0.417329
5.17	0.416695
5.18	0.417649
5.19	0.413071
5.2	0.413908
5.21	0.415793
5.22	0.415805
5.23	0.433481
5.24	0.420418
5.25	0.416402
5.26	0.413853
5.27	0.41512
5.28	0.414504
5.29	0.417127
5.3	0.41595
5.31	0.411882
5.32	0.414028
5.33	0.413494
5.34	0.414161
5.35	0.417206
5.36	0.425837
5.37	0.417787
5.38	0.417166
5.39	0.41709
5.4	0.417644
5.41	0.397271
5.42	0.416413
5.43	0.412576
5.44	0.410481
5.45	0.411644
5.46	0.412511
5.47	0.412923
5.48	0.411378
5.49	0.415681
5.5	0.408066
5.51	0.419256
5.52	0.416433
5.53	0.41289
5.54	0.412381
5.55	0.404492
5.56	0.403575
5.57	0.413868
5.58	0.405584
5.59	0.414262
5.6	0.41351
5.61	0.410358
5.62	0.418268
5.63	0.409385
5.64	0.409928
5.65	0.411189
5.66	0.400664
5.67	0.408506
5.68	0.416207
5.69	0.416552
5.7	0.411066
5.71	0.404401
5.72	0.40086
5.73	0.410013
5.74	0.422459
5.75	0.405066
5.76	0.409144
5.77	0.408335
5.78	0.405319
5.79	0.401678
5.8	0.399904
5.81	0.405226
5.82	0.409004
5.83	0.403312
5.84	0.399165
5.85	0.407496
5.86	0.405543
5.87	0.40513
5.88	0.410429
5.89	0.406639
5.9	0.403805
5.91	0.411117
5.92	0.404497
5.93	0.404997
5.94	0.396
5.95	0.402141
5.96	0.397695
5.97	0.401163
5.98	0.399126
5.99	0.398267
6	0.401845
6.01	0.396865
6.02	0.410695
6.03	0.394017
6.04	0.401685
6.05	0.401392
6.06	0.392784
6.07	0.409872
6.08	0.396703
6.09	0.397791
6.1	0.400812
6.11	0.405536
6.12	0.40009
6.13	0.388731
6.14	0.401489
6.15	0.398766
6.16	0.401633
6.17	0.391947
6.18	0.394925
6.19	0.397219
6.2	0.396017
6.21	0.400383
6.22	0.398003
6.23	0.395152
6.24	0.414633
6.25	0.410957
6.26	0.393293
6.27	0.393881
6.28	0.389457
6.29	0.402471
6.3	0.398921
6.31	0.399206
6.32	0.406554
6.33	0.420808
6.34	0.392899
6.35	0.395281
6.36	0.394895
6.37	0.393951
6.38	0.397468
6.39	0.396461
6.4	0.413492
6.41	0.395962
6.42	0.396467
6.43	0.394768
6.44	0.391425
6.45	0.39487
6.46	0.393736
6.47	0.395144
6.48	0.394464
6.49	0.398019
6.5	0.387843
6.51	0.386835
6.52	0.389638
6.53	0.391614
6.54	0.384064
6.55	0.391784
6.56	0.397576
6.57	0.401785
6.58	0.391845
6.59	0.391595
6.6	0.38731
6.61	0.391455
6.62	0.386952
6.63	0.389229
6.64	0.38036
6.65	0.385227
6.66	0.388152
6.67	0.387533
6.68	0.385949
6.69	0.38088
6.7	0.383531
6.71	0.386088
6.72	0.384161
6.73	0.389727
6.74	0.386149
6.75	0.378242
6.76	0.3789
6.77	0.369452
6.78	0.376061
6.79	0.379889
6.8	0.377867
6.81	0.393746
6.82	0.373331
6.83	0.382
6.84	0.382642
6.85	0.3847
6.86	0.386995
6.87	0.380739
6.88	0.385475
6.89	0.381961
6.9	0.378215
6.91	0.376385
6.92	0.377896
6.93	0.375769
6.94	0.404298
6.95	0.379835
6.96	0.378928
6.97	0.372618
6.98	0.378842
6.99	0.37752
7	0.364454
7.01	0.373125
7.02	0.378828
7.03	0.370352
7.04	0.369575
7.05	0.355523
7.06	0.38983
7.07	0.377014
7.08	0.38523
7.09	0.373993
7.1	0.369977
7.11	0.370134
7.12	0.357438
7.13	0.377359
7.14	0.385171
7.15	0.372109
7.16	0.377107
7.17	0.3874
7.18	0.367702
7.19	0.374608
7.2	0.372245
7.21	0.371301
7.22	0.371447
7.23	0.3689
7.24	0.357979
7.25	0.361419
7.26	0.348337
7.27	0.370441
7.28	0.364393
7.29	0.363503
7.3	0.366081
7.31	0.37105
7.32	0.357328
7.33	0.370539
7.34	0.376528
7.35	0.359561
7.36	0.365553
7.37	0.367694
7.38	0.362084
7.39	0.376922
7.4	0.364922
7.41	0.367989
7.42	0.368015
7.43	0.364683
7.44	0.364854
7.45	0.369755
7.46	0.368264
7.47	0.36744
7.48	0.367329
7.49	0.370792
7.5	0.362816
7.51	0.375717
7.52	0.367371
7.53	0.368177
7.54	0.375629
7.55	0.363517
7.56	0.356748
7.57	0.368304
7.58	0.364533
7.59	0.362465
7.6	0.360342
7.61	0.369143
7.62	0.356818
7.63	0.359288
7.64	0.363235
7.65	0.360557
7.66	0.366766
7.67	0.364094
7.68	0.371219
7.69	0.361799
7.7	0.380161
7.71	0.362552
7.72	0.369992
7.73	0.378885
7.74	0.362707
7.75	0.366127
7.76	0.361098
7.77	0.361641
7.78	0.365471
7.79	0.355546
7.8	0.361189
7.81	0.361264
7.82	0.354912
7.83	0.364859
7.84	0.362643
7.85	0.359932
7.86	0.358655
7.87	0.365431
7.88	0.360527
7.89	0.360633
7.9	0.364617
7.91	0.361117
7.92	0.335139
7.93	0.353244
7.94	0.37705
7.95	0.359318
7.96	0.349822
7.97	0.347701
7.98	0.358502
7.99	0.374304
8	0.35404
8.01	0.360513
8.02	0.352542
8.03	0.367215
8.04	0.354885
8.05	0.353728
8.06	0.349706
8.07	0.352017
8.08	0.352548
8.09	0.368536
8.1	0.355754
8.11	0.351683
8.12	0.353669
8.13	0.337832
8.14	0.352856
8.15	0.350628
8.16	0.360321
8.17	0.356572
8.18	0.341956
8.19	0.348599
8.2	0.356995
8.21	0.353653
8.22	0.359696
8.23	0.352255
8.24	0.291437
8.25	0.348413
8.26	0.349868
8.27	0.342863
8.28	0.344664
8.29	0.324588
8.3	0.349743
8.31	0.35753
8.32	0.358582
8.33	0.358706
8.34	0.353711
8.35	0.345859
8.36	0.349058
8.37	0.34898
8.38	0.349996
8.39	0.34961
8.4	0.351493
8.41	0.340703
8.42	0.319194
8.43	0.347725
8.44	0.311734
8.45	0.342799
8.46	0.347554
8.47	0.34468
8.48	0.348497
8.49	0.355116
8.5	0.346533
8.51	0.334528
8.52	0.335449
8.53	0.347583
8.54	0.336105
8.55	0.345241
8.56	0.349717
8.57	0.34644
8.58	0.31037
8.59	0.341806
8.6	0.349953
8.61	0.344291
8.62	0.345165
8.63	0.339629
8.64	0.348715
8.65	0.353669
8.66	0.349147
8.67	0.344521
8.68	0.349355
8.69	0.34965
8.7	0.345362
8.71	0.345864
8.72	0.34666
8.73	0.351739
8.74	0.347729
8.75	0.342159
8.76	0.34546
8.77	0.351641
8.78	0.340652
8.79	0.325072
8.8	0.324031
8.81	0.347674
8.82	0.361987
8.83	0.339667
8.84	0.340006
8.85	0.34212
8.86	0.341811
8.87	0.346374
8.88	0.334946
8.89	0.344759
8.9	0.342661
8.91	0.341202
8.92	0.342359
8.93	0.342949
8.94	0.345686
8.95	0.331784
8.96	0.335989
8.97	0.339128
8.98	0.356728
8.99	0.342497
9	0.380146
9.01	0.339229
9.02	0.325232
9.03	0.349988
9.04	0.344636
9.05	0.336201
9.06	0.342138
9.07	0.342936
9.08	0.344414
9.09	0.343302
9.1	0.337063
9.11	0.345714
9.12	0.34515
9.13	0.343898
9.14	0.342299
9.15	0.341803
9.16	0.332807
9.17	0.330245
9.18	0.349388
9.19	0.341311
9.2	0.346419
9.21	0.341576
9.22	0.335704
9.23	0.339389
9.24	0.33605
9.25	0.332354
9.26	0.329059
9.27	0.3408
9.28	0.332559
9.29	0.333198
9.3	0.334903
9.31	0.343683
9.32	0.346249
9.33	0.338881
9.34	0.32093
9.35	0.352339
9.36	0.343459
9.37	0.336903
9.38	0.336613
9.39	0.345469
9.4	0.341005
9.41	0.349492
9.42	0.352393
9.43	0.330106
9.44	0.332619
9.45	0.332141
9.46	0.329415
9.47	0.321696
9.48	0.34948
9.49	0.350691
9.5	0.33785
9.51	0.339428
9.52	0.339997
9.53	0.336042
9.54	0.3368
9.55	0.338792
9.56	0.339262
9.57	0.356914
9.58	0.337521
9.59	0.338567
9.6	0.331342
9.61	0.349311
9.62	0.335541
9.63	0.338472
9.64	0.333133
9.65	0.337847
9.66	0.339436
9.67	0.341862
9.68	0.321909
9.69	0.338557
9.7	0.340674
9.71	0.341575
9.72	0.344525
9.73	0.33994
9.74	0.322265
9.75	0.334014
9.76	0.341107
9.77	0.338204
9.78	0.352308
9.79	0.319797
9.8	0.345774
9.81	0.345913
9.82	0.351376
9.83	0.333992
9.84	0.340051
9.85	0.334388
9.86	0.328213
9.87	0.34544
9.88	0.346338
9.89	0.345542
9.9	0.337771
9.91	0.335475
9.92	0.338044
9.93	0.348674
9.94	0.336119
9.95	0.338748
9.96	0.334211
9.97	0.325068
9.98	0.336697
9.99	0.341481
10	0.34117
10.01	0.340584
10.02	0.334634
10.03	0.335011
10.04	0.335736
10.05	0.360117
10.06	0.34954
10.07	0.334204
10.08	0.335225
10.09	0.333114
10.1	0.340666
10.11	0.339121
10.12	0.351476
10.13	0.33024
10.14	0.341592
10.15	0.340449
10.16	0.317205
10.17	0.341488
10.18	0.332782
10.19	0.335536
10.2	0.338761
10.21	0.336495
10.22	0.34138
10.23	0.337732
10.24	0.332617
10.25	0.339203
10.26	0.339793
10.27	0.343577
10.28	0.345495
10.29	0.337258
10.3	0.338849
10.31	0.336816
10.32	0.33212
10.33	0.339327
10.34	0.335611
10.35	0.33215
10.36	0.336412
10.37	0.334627
10.38	0.338455
10.39	0.332237
10.4	0.331911
10.41	0.349831
10.42	0.342052
10.43	0.337911
10.44	0.343619
10.45	0.336954
10.46	0.353432
10.47	0.335742
10.48	0.337319
10.49	0.339549
10.5	0.335721
10.51	0.340287
10.52	0.331807
10.53	0.334252
10.54	0.340291
10.55	0.337706
10.56	0.333951
10.57	0.344665
10.58	0.337371
10.59	0.331727
10.6	0.342602
10.61	0.336127
10.62	0.333556
10.63	0.330197
10.64	0.32885
10.65	0.330201
10.66	0.339497
10.67	0.319262
10.68	0.33971
10.69	0.333162
10.7	0.337767
10.71	0.34993
10.72	0.349132
10.73	0.350707
10.74	0.336666
10.75	0.319579
10.76	0.338044
10.77	0.358234
10.78	0.341027
10.79	0.342541
10.8	0.34037
10.81	0.341147
10.82	0.323258
10.83	0.339534
10.84	0.33628
10.85	0.336512
10.86	0.353519
10.87	0.341107
10.88	0.329772
10.89	0.323182
10.9	0.326105
10.91	0.333853
10.92	0.3387
10.93	0.335876
10.94	0.331557
10.95	0.332361
10.96	0.333029
10.97	0.330231
10.98	0.342221
10.99	0.325224
11	0.317107
11.01	0.320041
11.02	0.322055
11.03	0.342529
11.04	0.340393
11.05	0.318091
11.06	0.339512
11.07	0.345565
11.08	0.334938
11.09	0.336123
11.1	0.35236
11.11	0.331175
11.12	0.326286
11.13	0.333818
11.14	0.341519
11.15	0.334653
11.16	0.327973
11.17	0.335608
11.18	0.335089
11.19	0.339088
11.2	0.336362
11.21	0.317582
11.22	0.339341
11.23	0.342661
11.24	0.324647
11.25	0.341385
11.26	0.342548
11.27	0.331721
11.28	0.335635
11.29	0.342107
11.3	0.340137
11.31	0.329581
11.32	0.338441
11.33	0.325951
11.34	0.327316
11.35	0.319644
11.36	0.34168
11.37	0.348968
11.38	0.339859
11.39	0.321688
11.4	0.320236
11.41	0.358877
11.42	0.330479
11.43	0.341748
11.44	0.323173
11.45	0.339403
11.46	0.32165
11.47	0.339814
11.48	0.359852
11.49	0.336908
11.5	0.33796
11.51	0.332337
11.52	0.33208
11.53	0.349598
11.54	0.337425
11.55	0.340816
11.56	0.333912
11.57	0.334208
11.58	0.330752
11.59	0.325422
11.6	0.3259
11.61	0.335793
11.62	0.336978
11.63	0.337544
11.64	0.33898
11.65	0.347695
11.66	0.339472
11.67	0.306273
11.68	0.329801
11.69	0.326997
11.7	0.336747
11.71	0.330603
11.72	0.343206
11.73	0.336367
11.74	0.338394
11.75	0.33739
11.76	0.341798
11.77	0.322146
11.78	0.334805
11.79	0.338285
11.8	0.332692
11.81	0.333891
11.82	0.348319
11.83	0.310302
11.84	0.34167
11.85	0.358616
11.86	0.336202
11.87	0.351087
11.88	0.323852
11.89	0.338576
11.9	0.323983
11.91	0.337843
11.92	0.352077
11.93	0.354786
11.94	0.341612
11.95	0.332295
11.96	0.340789
11.97	0.324569
11.98	0.326807
11.99	0.328638
12	0.323024
12.01	0.327953
12.02	0.356664
12.03	0.331791
12.04	0.342883
12.05	0.345161
12.06	0.327965
12.07	0.330451
12.08	0.341155
12.09	0.295522
12.1	0.331675
12.11	0.323568
12.12	0.327257
12.13	0.315606
12.14	0.348077
12.15	0.333044
12.16	0.330871
12.17	0.328878
12.18	0.351075
12.19	0.334109
12.2	0.350891
12.21	0.329791
12.22	0.358973
12.23	0.333488
12.24	0.332098
12.25	0.318329
12.26	0.341698
12.27	0.329006
12.28	0.336751
12.29	0.333662
12.3	0.333779
12.31	0.332963
12.32	0.347244
12.33	0.334942
12.34	0.328819
12.35	0.331432
12.36	0.317498
12.37	0.343015
12.38	0.352286
12.39	0.319986
12.4	0.344287
12.41	0.340771
12.42	0.324857
12.43	0.331368
12.44	0.333017
12.45	0.333028
12.46	0.324422
12.47	0.347335
12.48	0.354354
12.49	0.350917
12.5	0.34933
12.51	0.345134
12.52	0.331743
12.53	0.299351
12.54	0.324674
12.55	0.32189
12.56	0.336039
12.57	0.364387
12.58	0.338008
12.59	0.334665
12.6	0.389594
12.61	0.378786
12.62	0.323297
12.63	0.336823
12.64	0.347416
12.65	0.333545
12.66	0.372216
12.67	0.330301
12.68	0.336848
12.69	0.334357
12.7	0.338956
12.71	0.363007
12.72	0.345248
12.73	0.335143
12.74	0.335893
12.75	0.335811
12.76	0.342663
12.77	0.330525
12.78	0.335757
12.79	0.312029
12.8	0.357287
12.81	0.339279
12.82	0.345548
12.83	0.333539
12.84	0.332834
12.85	0.335393
12.86	0.339794
12.87	0.382761
12.88	0.323144
12.89	0.340877
12.9	0.334175
12.91	0.349985
12.92	0.335023
12.93	0.339826
12.94	0.351887
12.95	0.343137
12.96	0.341404
12.97	0.329106
12.98	0.33683
12.99	0.333226
13	0.324873
13.01	0.330688
13.02	0.335181
13.03	0.32625
13.04	0.330895
13.05	0.342906
13.06	0.343488
13.07	0.331574
13.08	0.324256
13.09	0.332568
13.1	0.336942
13.11	0.343327
13.12	0.349651
13.13	0.34068
13.14	0.345123
13.15	0.347315
13.16	0.330658
13.17	0.334738
13.18	0.341805
13.19	0.326594
13.2	0.340309
13.21	0.341973
13.22	0.341715
13.23	0.316892
13.24	0.332689
13.25	0.327642
13.26	0.331019
13.27	0.3272
13.28	0.327484
13.29	0.353559
13.3	0.323656
13.31	0.331589
13.32	0.340653
13.33	0.351836
13.34	0.33631
13.35	0.327848
13.36	0.328918
13.37	0.331033
13.38	0.330654
13.39	0.320769
13.4	0.313439
13.41	0.325751
13.42	0.337691
13.43	0.340009
13.44	0.328988
13.45	0.336261
13.46	0.339694
13.47	0.343933
13.48	0.342837
13.49	0.33051
13.5	0.32986
13.51	0.323726
13.52	0.326941
13.53	0.31577
13.54	0.318143
13.55	0.316741
13.56	0.333558
13.57	0.338755
13.58	0.324207
13.59	0.336869
13.6	0.326978
13.61	0.342317
13.62	0.36297
13.63	0.365795
13.64	0.306178
13.65	0.32775
13.66	0.33814
13.67	0.327065
13.68	0.318805
13.69	0.334004
13.7	0.340617
13.71	0.352352
13.72	0.335169
13.73	0.330428
13.74	0.329048
13.75	0.332029
13.76	0.352321
13.77	0.352841
13.78	0.33869
13.79	0.298256
13.8	0.336338
13.81	0.339553
13.82	0.328638
13.83	0.316457
13.84	0.335609
13.85	0.321883
13.86	0.33575
13.87	0.348269
13.88	0.363729
13.89	0.332393
13.9	0.336821
13.91	0.323883
13.92	0.331656
13.93	0.328753
13.94	0.338708
13.95	0.325372
13.96	0.340419
13.97	0.346095
13.98	0.344883
13.99	0.33926
14	0.326567
14.01	0.346993
14.02	0.34473
14.03	0.332313
14.04	0.333236
14.05	0.307958
14.06	0.34491
14.07	0.330547
14.08	0.322131
14.09	0.314123
14.1	0.310277
14.11	0.322177
14.12	0.346239
14.13	0.339239
14.14	0.337468
14.15	0.332726
14.16	0.336456
14.17	0.331229
14.18	0.347755
14.19	0.312117
14.2	0.317023
14.21	0.344572
14.22	0.328862
14.23	0.325072
14.24	0.329136
14.25	0.329791
14.26	0.330148
14.27	0.314398
14.28	0.342783
14.29	0.350978
14.3	0.344199
14.31	0.334735
14.32	0.343
14.33	0.344619
14.34	0.338577
14.35	0.337638
14.36	0.331338
14.37	0.320748
14.38	0.342947
14.39	0.321401
14.4	0.315583
14.41	0.318322
14.42	0.334874
14.43	0.338162
14.44	0.353906
14.45	0.331367
14.46	0.326591
14.47	0.321217
14.48	0.310387
14.49	0.329814
14.5	0.318366
14.51	0.32398
14.52	0.313612
14.53	0.310592
14.54	0.350289
14.55	0.331765
14.56	0.330062
14.57	0.325618
14.58	0.337001
14.59	0.33414
14.6	0.326882
14.61	0.329346
14.62	0.331639
14.63	0.287918
14.64	0.302747
14.65	0.327749
14.66	0.337893
14.67	0.34059
14.68	0.343503
14.69	0.33656
14.7	0.340848
14.71	0.326021
14.72	0.346814
14.73	0.35359
14.74	0.331008
14.75	0.327886
14.76	0.346151
14.77	0.334589
14.78	0.317733
14.79	0.347478
14.8	0.31836
14.81	0.326342
14.82	0.337101
14.83	0.341505
14.84	0.32759
14.85	0.354849
14.86	0.336466
14.87	0.325658
14.88	0.328299
14.89	0.345773
14.9	0.337803
14.91	0.316644
14.92	0.337329
14.93	0.33173
14.94	0.351312
14.95	0.33352
14.96	0.33225
14.97	0.324037
14.98	0.338482
14.99	0.319845
15	0.337479
15.01	0.322972
