0	0
0.01	4.3656e-05
0.02	0.000136136
0.03	0.000319371
0.04	0.00062458
0.05	0.000871142
0.06	0.00107756
0.07	0.00147788
0.08	0.00179736
0.09	0.00205121
0.1	0.00246163
0.11	0.00289517
0.12	0.00323321
0.13	0.00369679
0.14	0.00418756
0.15	0.00475681
0.16	0.00521458
0.17	0.00586243
0.18	0.00657968
0.19	0.00723904
0.2	0.00812982
0.21	0.00907181
0.22	0.0102193
0.23	0.0104829
0.24	0.0109739
0.25	0.0119018
0.26	0.0128261
0.27	0.0136071
0.28	0.0144241
0.29	0.0155122
0.3	0.0166344
0.31	0.017671
0.32	0.0185821
0.33	0.0194486
0.34	0.020362
0.35	0.0214026
0.36	0.0225094
0.37	0.0236374
0.38	0.0248552
0.39	0.0259768
0.4	0.0269424
0.41	0.0280326
0.42	0.0290371
0.43	0.030026
0.44	0.0321099
0.45	0.0323878
0.46	0.0335607
0.47	0.034643
0.48	0.0357353
0.49	0.0368794
0.5	0.0382273
0.51	0.0395478
0.52	0.0407795
0.53	0.0423109
0.54	0.0430725
0.55	0.0441785
0.56	0.045417
0.57	0.0467974
0.58	0.0481338
0.59	0.0493536
0.6	0.0505563
0.61	0.0518395
0.62	0.0530774
0.63	0.0543101
0.64	0.0554852
0.65	0.0566277
0.66	0.057789
0.67	0.0589692
0.68	0.0602781
0.69	0.0613454
0.7	0.0626476
0.71	0.0639086
0.72	0.0651397
0.73	0.066465
0.74	0.067773
0.75	0.0691209
0.76	0.0705632
0.77	0.0731927
0.78	0.0734146
0.79	0.0746272
0.8	0.0759215
0.81	0.0772264
0.82	0.0785431
0.83	0.0797309
0.84	0.0811854
0.85	0.0824997
0.86	0.0837552
0.87	0.0847477
0.88	0.0872813
0.89	0.0876276
0.9	0.0888655
0.91	0.091836
0.92	0.0913229
0.93	0.0928231
0.94	0.0939158
0.95	0.0952498
0.96	0.09663
0.97	0.0980866
0.98	0.099242
0.99	0.100938
1	0.102362
1.01	0.102148
1.02	0.105055
1.03	0.106384
1.04	0.107653
1.05	0.108898
1.06	0.110569
1.07	0.111436
1.08	0.112805
1.09	0.114133
1.1	0.115236
1.11	0.114576
1.12	0.117764
1.13	0.119107
1.14	0.119664
1.15	0.121643
1.16	0.122321
1.17	0.123863
1.18	0.125694
1.19	0.126912
1.2	0.128295
1.21	0.129482
1.22	0.130356
1.23	0.132195
1.24	0.133533
1.25	0.134874
1.26	0.136206
1.27	0.137598
1.28	0.139025
1.29	0.140453
1.3	0.141819
1.31	0.143239
1.32	0.144651
1.33	0.145214
1.34	0.147151
1.35	0.149085
1.36	0.149756
1.37	0.150813
1.38	0.152638
1.39	0.153329
1.4	0.150626
1.41	0.156596
1.42	0.158042
1.43	0.159378
1.44	0.160814
1.45	0.162254
1.46	0.160826
1.47	0.161894
1.48	0.166226
1.49	0.162495
1.5	0.168869
1.51	0.170496
1.52	0.171735
1.53	0.173432
1.54	0.178389
1.55	0.176172
1.56	0.177176
1.57	0.179133
1.58	0.180225
1.59	0.181594
1.6	0.183119
1.61	0.183401
1.62	0.186233
1.63	0.187911
1.64	0.189392
1.65	0.191581
1.66	0.19213
1.67	0.193761
1.68	0.194971
1.69	0.195956
1.7	0.198402
1.71	0.202414
1.72	0.200197
1.73	0.20206
1.74	0.2034
1.75	0.205564
1.76	0.207955
1.77	0.210627
1.78	0.209902
1.79	0.211057
1.8	0.212511
1.81	0.212307
1.82	0.219788
1.83	0.217569
1.84	0.218873
1.85	0.220876
1.86	0.221535
1.87	0.224061
1.88	0.225821
1.89	0.227664
1.9	0.229023
1.91	0.231018
1.92	0.232731
1.93	0.234039
1.94	0.235507
1.95	0.237424
1.96	0.238535
1.97	0.24188
1.98	0.242651
1.99	0.242884
2	0.245894
2.01	0.249941
2.02	0.24847
2.03	0.253009
2.04	0.253472
2.05	0.254427
2.06	0.256199
2.07	0.257631
2.08	0.256919
2.09	0.261038
2.1	0.261761
2.11	0.264583
2.12	0.266959
2.13	0.268636
2.14	0.270207
2.15	0.272025
2.16	0.27362
2.17	0.273767
2.18	0.277392
2.19	0.278596
2.2	0.281117
2.21	0.283096
2.22	0.28293
2.23	0.285697
2.24	0.28854
2.25	0.293339
2.26	0.292678
2.27	0.295541
2.28	0.29539
2.29	0.2977
2.3	0.299907
2.31	0.304459
2.32	0.303505
2.33	0.305947
2.34	0.30537
2.35	0.310093
2.36	0.312441
2.37	0.314147
2.38	0.316175
2.39	0.317941
2.4	0.319602
2.41	0.321199
2.42	0.323176
2.43	0.325775
2.44	0.325774
2.45	0.328804
2.46	0.331349
2.47	0.332477
2.48	0.335026
2.49	0.337217
2.5	0.339725
2.51	0.342061
2.52	0.342638
2.53	0.342591
2.54	0.347801
2.55	0.353423
2.56	0.351
2.57	0.357438
2.58	0.355211
2.59	0.356155
2.6	0.359563
2.61	0.362203
2.62	0.36579
2.63	0.365501
2.64	0.368517
2.65	0.370126
2.66	0.372429
2.67	0.374281
2.68	0.374672
2.69	0.378102
2.7	0.382858
2.71	0.380653
2.72	0.383995
2.73	0.386276
2.74	0.389264
2.75	0.390205
2.76	0.401636
2.77	0.394827
2.78	0.395418
2.79	0.397957
2.8	0.395256
2.81	0.402226
2.82	0.40389
2.83	0.402731
2.84	0.406626
2.85	0.408475
2.86	0.411517
2.87	0.413962
2.88	0.416832
2.89	0.418426
2.9	0.419618
2.91	0.421858
2.92	0.421426
2.93	0.425606
2.94	0.424818
2.95	0.429735
2.96	0.431578
2.97	0.43298
2.98	0.430432
2.99	0.437232
3	0.435822
3.01	0.441417
3.02	0.443573
3.03	0.444745
3.04	0.446376
3.05	0.442409
3.06	0.449875
3.07	0.452249
3.08	0.456948
3.09	0.455877
3.1	0.458082
3.11	0.459675
3.12	0.460412
3.13	0.465379
3.14	0.464419
3.15	0.467829
3.16	0.468568
3.17	0.46999
3.18	0.469721
3.19	0.47435
3.2	0.481001
3.21	0.477468
3.22	0.474716
3.23	0.480263
3.24	0.48245
3.25	0.483815
3.26	0.486365
3.27	0.486351
3.28	0.494132
3.29	0.489214
3.3	0.492594
3.31	0.49391
3.32	0.496633
3.33	0.499322
3.34	0.499032
3.35	0.499318
3.36	0.500995
3.37	0.498022
3.38	0.502133
3.39	0.505659
3.4	0.506146
3.41	0.50894
3.42	0.511684
3.43	0.513931
3.44	0.511432
3.45	0.514736
3.46	0.510196
3.47	0.51599
3.48	0.527717
3.49	0.518411
3.5	0.520458
3.51	0.523629
3.52	0.524259
3.53	0.527023
3.54	0.528198
3.55	0.529476
3.56	0.529188
3.57	0.529771
3.58	0.531855
3.59	0.531199
3.6	0.532173
3.61	0.532804
3.62	0.534914
3.63	0.533032
3.64	0.541586
3.65	0.538524
3.66	0.539076
3.67	0.5408
3.68	0.540624
3.69	0.541116
3.7	0.543023
3.71	0.544178
3.72	0.545504
3.73	0.547233
3.74	0.548305
3.75	0.551583
3.76	0.549908
3.77	0.550611
3.78	0.551804
3.79	0.553682
3.8	0.55303
3.81	0.552836
3.82	0.555153
3.83	0.556709
3.84	0.557613
3.85	0.557414
3.86	0.560339
3.87	0.559477
3.88	0.560112
3.89	0.560334
3.9	0.562977
3.91	0.565362
3.92	0.56297
3.93	0.563744
3.94	0.56828
3.95	0.566513
3.96	0.567262
3.97	0.567201
3.98	0.573883
3.99	0.566385
4	0.57121
4.01	0.568206
4.02	0.578146
4.03	0.573084
4.04	0.571001
4.05	0.574733
4.06	0.584012
4.07	0.577549
4.08	0.576144
4.09	0.576187
4.1	0.574773
4.11	0.576669
4.12	0.576367
4.13	0.575173
4.14	0.577422
4.15	0.577981
4.16	0.576188
4.17	0.579877
4.18	0.577913
4.19	0.579066
4.2	0.578171
4.21	0.581288
4.22	0.578747
4.23	0.581884
4.24	0.58184
4.25	0.580535
4.26	0.589427
4.27	0.583684
4.28	0.580823
4.29	0.583189
4.3	0.583685
4.31	0.584514
4.32	0.590426
4.33	0.583975
4.34	0.58367
4.35	0.580661
4.36	0.585564
4.37	0.586014
4.38	0.580223
4.39	0.585492
4.4	0.585662
4.41	0.580728
4.42	0.588205
4.43	0.587113
4.44	0.586579
4.45	0.586337
4.46	0.586981
4.47	0.586959
4.48	0.591075
4.49	0.588211
4.5	0.590609
4.51	0.588253
4.52	0.591289
4.53	0.588428
4.54	0.591422
4.55	0.587693
4.56	0.588916
4.57	0.587956
4.58	0.58909
4.59	0.603833
4.6	0.590103
4.61	0.591023
4.62	0.592187
4.63	0.590063
4.64	0.586115
4.65	0.595679
4.66	0.590355
4.67	0.5903
4.68	0.587849
4.69	0.589966
4.7	0.591326
4.71	0.589942
4.72	0.589118
4.73	0.590351
4.74	0.59099
4.75	0.590532
4.76	0.592366
4.77	0.59012
4.78	0.591504
4.79	0.587217
4.8	0.58894
4.81	0.59142
4.82	0.588894
4.83	0.590991
4.84	0.588481
4.85	0.58824
4.86	0.593898
4.87	0.590915
4.88	0.595431
4.89	0.585078
4.9	0.591558
4.91	0.590472
4.92	0.588774
4.93	0.588528
4.94	0.588618
4.95	0.591325
4.96	0.591736
4.97	0.584949
4.98	0.590618
4.99	0.589016
5	0.58866
5.01	0.591398
5.02	0.589257
5.03	0.589336
5.04	0.586804
5.05	0.590779
5.06	0.582171
5.07	0.594646
5.08	0.591614
5.09	0.588491
5.1	0.596596
5.11	0.586923
5.12	0.589054
5.13	0.585937
5.14	0.598341
5.15	0.577911
5.16	0.58792
5.17	0.587626
5.18	0.584564
5.19	0.584583
5.2	0.586584
5.21	0.5918
5.22	0.586694
5.23	0.589457
5.24	0.587854
5.25	0.585636
5.26	0.586781
5.27	0.587313
5.28	0.585544
5.29	0.585879
5.3	0.586648
5.31	0.587298
5.32	0.584943
5.33	0.580347
5.34	0.586776
5.35	0.587348
5.36	0.588565
5.37	0.583562
5.38	0.582922
5.39	0.584515
5.4	0.591673
5.41	0.587683
5.42	0.5831
5.43	0.580285
5.44	0.582198
5.45	0.579223
5.46	0.587822
5.47	0.583578
5.48	0.598865
5.49	0.58487
5.5	0.583763
5.51	0.586713
5.52	0.583849
5.53	0.578121
5.54	0.584522
5.55	0.580114
5.56	0.580695
5.57	0.578961
5.58	0.583442
5.59	0.579086
5.6	0.57632
5.61	0.568365
5.62	0.592672
5.63	0.576244
5.64	0.580003
5.65	0.580654
5.66	0.576312
5.67	0.582219
5.68	0.578097
5.69	0.569759
5.7	0.57515
5.71	0.578953
5.72	0.576672
5.73	0.579105
5.74	0.577813
5.75	0.57761
5.76	0.582505
5.77	0.573641
5.78	0.578376
5.79	0.574905
5.8	0.567159
5.81	0.57906
5.82	0.574121
5.83	0.574141
5.84	0.574403
5.85	0.575275
5.86	0.576593
5.87	0.575152
5.88	0.571773
5.89	0.573074
5.9	0.569264
5.91	0.574361
5.92	0.57606
5.93	0.573393
5.94	0.58001
5.95	0.573787
5.96	0.570257
5.97	0.573861
5.98	0.572947
5.99	0.57297
6	0.567312
6.01	0.572006
6.02	0.573233
6.03	0.569866
6.04	0.573777
6.05	0.568533
6.06	0.566738
6.07	0.572489
6.08	0.573607
6.09	0.571176
6.1	0.553841
6.11	0.572162
6.12	0.574277
6.13	0.571407
6.14	0.571101
6.15	0.575889
6.16	0.574596
6.17	0.57096
6.18	0.571147
6.19	0.572229
6.2	0.571158
6.21	0.571397
6.22	0.569165
6.23	0.574048
6.24	0.568431
6.25	0.570326
6.26	0.567943
6.27	0.570625
6.28	0.567492
6.29	0.571307
6.3	0.569158
6.31	0.568786
6.32	0.567063
6.33	0.563571
6.34	0.570188
6.35	0.573833
6.36	0.563685
6.37	0.558049
6.38	0.568915
6.39	0.568077
6.4	0.572056
6.41	0.569697
6.42	0.56681
6.43	0.569103
6.44	0.556865
6.45	0.563409
6.46	0.571697
6.47	0.566497
6.48	0.56502
6.49	0.565887
6.5	0.584454
6.51	0.5625
6.52	0.568181
6.53	0.565921
6.54	0.56372
6.55	0.568123
6.56	0.579694
6.57	0.562903
6.58	0.5618
6.59	0.562863
6.6	0.567767
6.61	0.569672
6.62	0.569377
6.63	0.563352
6.64	0.565274
6.65	0.564844
6.66	0.563708
6.67	0.563411
6.68	0.565893
6.69	0.567125
6.7	0.564843
6.71	0.553535
6.72	0.564507
6.73	0.56004
6.74	0.564088
6.75	0.559968
6.76	0.560585
6.77	0.564255
6.78	0.567913
6.79	0.565111
6.8	0.561605
6.81	0.563608
6.82	0.560811
6.83	0.557888
6.84	0.560061
6.85	0.563058
6.86	0.568222
6.87	0.558832
6.88	0.557988
6.89	0.563762
6.9	0.566409
6.91	0.562005
6.92	0.547672
6.93	0.561861
6.94	0.560366
6.95	0.55992
6.96	0.565135
6.97	0.562942
6.98	0.561729
6.99	0.561449
7	0.546284
7.01	0.567311
7.02	0.56352
7.03	0.55965
7.04	0.564218
7.05	0.570577
7.06	0.555343
7.07	0.564649
7.08	0.561761
7.09	0.564395
7.1	0.566488
7.11	0.560003
7.12	0.564929
7.13	0.560845
7.14	0.558222
7.15	0.561287
7.16	0.567331
7.17	0.565296
7.18	0.559959
7.19	0.561524
7.2	0.556814
7.21	0.558577
7.22	0.56054
7.23	0.55271
7.24	0.556562
7.25	0.558173
7.26	0.553526
7.27	0.559354
7.28	0.572252
7.29	0.556328
7.3	0.560924
7.31	0.564234
7.32	0.560835
7.33	0.563288
7.34	0.558497
7.35	0.557217
7.36	0.558078
7.37	0.550144
7.38	0.555118
7.39	0.560355
7.4	0.572258
7.41	0.558147
7.42	0.548906
7.43	0.556664
7.44	0.561314
7.45	0.564552
7.46	0.549509
7.47	0.551242
7.48	0.550855
7.49	0.549814
7.5	0.564769
7.51	0.558376
7.52	0.562928
7.53	0.556833
7.54	0.559285
7.55	0.555457
7.56	0.556224
7.57	0.557694
7.58	0.559263
7.59	0.552943
7.6	0.555172
7.61	0.556446
7.62	0.558918
7.63	0.555728
7.64	0.553733
7.65	0.556987
7.66	0.557678
7.67	0.553809
7.68	0.554809
7.69	0.554528
7.7	0.556794
7.71	0.560276
7.72	0.561102
7.73	0.554713
7.74	0.555305
7.75	0.549854
7.76	0.550986
7.77	0.556351
7.78	0.555722
7.79	0.56154
7.8	0.555084
7.81	0.559462
7.82	0.566583
7.83	0.552371
7.84	0.553899
7.85	0.55647
7.86	0.555407
7.87	0.554291
7.88	0.559895
7.89	0.555347
7.9	0.55686
7.91	0.54918
7.92	0.562891
7.93	0.557559
7.94	0.560109
7.95	0.541943
7.96	0.561923
7.97	0.555366
7.98	0.557373
7.99	0.558975
8	0.559569
8.01	0.556047
8.02	0.558233
8.03	0.556043
8.04	0.561769
8.05	0.554273
8.06	0.55416
8.07	0.56285
8.08	0.554837
8.09	0.555853
8.1	0.557234
8.11	0.557465
8.12	0.569771
8.13	0.561275
8.14	0.58219
8.15	0.558616
8.16	0.553229
8.17	0.550333
8.18	0.560731
8.19	0.550591
8.2	0.552197
8.21	0.557856
8.22	0.558009
8.23	0.565577
8.24	0.554718
8.25	0.552202
8.26	0.554268
8.27	0.551726
8.28	0.556984
8.29	0.55567
8.3	0.558719
8.31	0.543281
8.32	0.55503
8.33	0.558122
8.34	0.55711
8.35	0.558942
8.36	0.544716
8.37	0.552312
8.38	0.552665
8.39	0.552329
8.4	0.546176
8.41	0.556088
8.42	0.554906
8.43	0.552346
8.44	0.535371
8.45	0.552674
8.46	0.553367
8.47	0.557042
8.48	0.555201
8.49	0.557469
8.5	0.555449
8.51	0.556241
8.52	0.578693
8.53	0.557119
8.54	0.555376
8.55	0.556554
8.56	0.546359
8.57	0.550196
8.58	0.558469
8.59	0.5547
8.6	0.55357
8.61	0.560011
8.62	0.556949
8.63	0.56328
8.64	0.553309
8.65	0.55045
8.66	0.551334
8.67	0.573041
8.68	0.558872
8.69	0.54978
8.7	0.540983
8.71	0.551578
8.72	0.554286
8.73	0.55414
8.74	0.553454
8.75	0.551584
8.76	0.546311
8.77	0.542334
8.78	0.553521
8.79	0.552417
8.8	0.549848
8.81	0.553914
8.82	0.549337
8.83	0.546744
8.84	0.558203
8.85	0.556756
8.86	0.552641
8.87	0.544206
8.88	0.554529
8.89	0.55545
8.9	0.552429
8.91	0.548421
8.92	0.550929
8.93	0.550488
8.94	0.548288
8.95	0.549026
8.96	0.560927
8.97	0.572156
8.98	0.549446
8.99	0.555615
9	0.558695
9.01	0.558345
9.02	0.544149
9.03	0.546448
9.04	0.555511
9.05	0.555597
9.06	0.55681
9.07	0.555698
9.08	0.556538
9.09	0.552071
9.1	0.551963
9.11	0.553871
9.12	0.555427
9.13	0.55394
9.14	0.555399
9.15	0.55317
9.16	0.557847
9.17	0.56125
9.18	0.571375
9.19	0.553273
9.2	0.553702
9.21	0.55699
9.22	0.554345
9.23	0.551614
9.24	0.555267
9.25	0.558232
9.26	0.556827
9.27	0.552886
9.28	0.559213
9.29	0.555097
9.3	0.556508
9.31	0.543006
9.32	0.552119
9.33	0.555207
9.34	0.554625
9.35	0.551678
9.36	0.551305
9.37	0.550866
9.38	0.555293
9.39	0.547746
9.4	0.557576
9.41	0.547541
9.42	0.557921
9.43	0.555533
9.44	0.551144
9.45	0.54948
9.46	0.560092
9.47	0.552841
9.48	0.553046
9.49	0.534858
9.5	0.557716
9.51	0.551816
9.52	0.555692
9.53	0.551927
9.54	0.555079
9.55	0.551493
9.56	0.555492
9.57	0.559877
9.58	0.550943
9.59	0.54107
9.6	0.54199
9.61	0.551179
9.62	0.551834
9.63	0.551411
9.64	0.547903
9.65	0.552947
9.66	0.554145
9.67	0.548838
9.68	0.552817
9.69	0.557712
9.7	0.560094
9.71	0.556145
9.72	0.562471
9.73	0.549178
9.74	0.549732
9.75	0.55066
9.76	0.55707
9.77	0.548241
9.78	0.546568
9.79	0.550583
9.8	0.560992
9.81	0.559611
9.82	0.559072
9.83	0.558241
9.84	0.550202
9.85	0.547418
9.86	0.572524
9.87	0.541542
9.88	0.55021
9.89	0.556396
9.9	0.559178
9.91	0.554916
9.92	0.56189
9.93	0.552236
9.94	0.533488
9.95	0.53932
9.96	0.552713
9.97	0.553811
9.98	0.553471
9.99	0.552506
10	0.554254
10.01	0.54298
10.02	0.55601
10.03	0.557075
10.04	0.560777
10.05	0.548765
10.06	0.549949
10.07	0.558106
10.08	0.545692
10.09	0.552577
10.1	0.556032
10.11	0.554479
10.12	0.544597
10.13	0.559989
10.14	0.56271
10.15	0.553742
10.16	0.551297
10.17	0.552383
10.18	0.549183
10.19	0.559577
10.2	0.551879
10.21	0.549872
10.22	0.548402
10.23	0.551238
10.24	0.553485
10.25	0.553906
10.26	0.553043
10.27	0.555823
10.28	0.557805
10.29	0.530888
10.3	0.536419
10.31	0.554371
10.32	0.555107
10.33	0.557411
10.34	0.552519
10.35	0.543254
10.36	0.54748
10.37	0.552679
10.38	0.544163
10.39	0.545931
10.4	0.553501
10.41	0.555297
10.42	0.562723
10.43	0.553546
10.44	0.551503
10.45	0.552998
10.46	0.563824
10.47	0.543689
10.48	0.554099
10.49	0.562672
10.5	0.550247
10.51	0.547504
10.52	0.551363
10.53	0.552542
10.54	0.549216
10.55	0.555674
10.56	0.568926
10.57	0.568319
10.58	0.5495
10.59	0.538335
10.6	0.551885
10.61	0.548391
10.62	0.553805
10.63	0.553207
10.64	0.550126
10.65	0.554544
10.66	0.537687
10.67	0.5556
10.68	0.548656
10.69	0.58273
10.7	0.555844
10.71	0.552313
10.72	0.563565
10.73	0.559517
10.74	0.56354
10.75	0.54753
10.76	0.5467
10.77	0.553941
10.78	0.552864
10.79	0.535079
10.8	0.56001
10.81	0.560188
10.82	0.56045
10.83	0.553717
10.84	0.551906
10.85	0.558373
10.86	0.549235
10.87	0.568901
10.88	0.55404
10.89	0.557033
10.9	0.541504
10.91	0.551664
10.92	0.560285
10.93	0.554327
10.94	0.553998
10.95	0.551042
10.96	0.570787
10.97	0.572465
10.98	0.566987
10.99	0.552293
11	0.556106
11.01	0.56085
11.02	0.559586
11.03	0.563343
11.04	0.553937
11.05	0.565746
11.06	0.546034
11.07	0.547849
11.08	0.555578
11.09	0.551968
11.1	0.555065
11.11	0.55289
11.12	0.552085
11.13	0.546386
11.14	0.546441
11.15	0.566163
11.16	0.552821
11.17	0.558388
11.18	0.545665
11.19	0.54957
11.2	0.555195
11.21	0.556222
11.22	0.542257
11.23	0.544658
11.24	0.563833
11.25	0.54517
11.26	0.545601
11.27	0.556812
11.28	0.549547
11.29	0.546743
11.3	0.550619
11.31	0.55485
11.32	0.552832
11.33	0.552931
11.34	0.555256
11.35	0.551078
11.36	0.551989
11.37	0.556017
11.38	0.545882
11.39	0.555611
11.4	0.544798
11.41	0.542303
11.42	0.553438
11.43	0.548724
11.44	0.553087
11.45	0.548355
11.46	0.551599
11.47	0.545318
11.48	0.570476
11.49	0.547392
11.5	0.552508
11.51	0.575742
11.52	0.552181
11.53	0.548129
11.54	0.547796
11.55	0.540401
11.56	0.545854
11.57	0.552903
11.58	0.549115
11.59	0.551442
11.6	0.542395
11.61	0.553104
11.62	0.54702
11.63	0.559959
11.64	0.540993
11.65	0.549845
11.66	0.542865
11.67	0.546143
11.68	0.548078
11.69	0.533905
11.7	0.562842
11.71	0.552804
11.72	0.563804
11.73	0.573518
11.74	0.550271
11.75	0.546846
11.76	0.545653
11.77	0.548987
11.78	0.538964
11.79	0.54546
11.8	0.539802
11.81	0.549785
11.82	0.550233
11.83	0.536415
11.84	0.546428
11.85	0.564597
11.86	0.548491
11.87	0.535006
11.88	0.563379
11.89	0.548275
11.9	0.551913
11.91	0.538753
11.92	0.544772
11.93	0.550452
11.94	0.544936
11.95	0.554171
11.96	0.552514
11.97	0.553523
11.98	0.552051
11.99	0.544687
12	0.548298
12.01	0.54519
12.02	0.547547
12.03	0.541822
12.04	0.54951
12.05	0.529735
12.06	0.547578
12.07	0.546721
12.08	0.550243
12.09	0.526947
12.1	0.5502
12.11	0.557524
12.12	0.552054
12.13	0.557402
12.14	0.548992
12.15	0.549221
12.16	0.528461
12.17	0.548363
12.18	0.550221
12.19	0.552267
12.2	0.541286
12.21	0.553233
12.22	0.546242
12.23	0.55397
12.24	0.557988
12.25	0.547608
12.26	0.550728
12.27	0.534288
12.28	0.55328
12.29	0.548686
12.3	0.566513
12.31	0.548002
12.32	0.548631
12.33	0.548319
12.34	0.550552
12.35	0.549529
12.36	0.551903
12.37	0.553129
12.38	0.555013
12.39	0.553236
12.4	0.53774
12.41	0.556403
12.42	0.556356
12.43	0.556903
12.44	0.544006
12.45	0.554763
12.46	0.567683
12.47	0.554473
12.48	0.546744
12.49	0.562329
12.5	0.559815
12.51	0.552229
12.52	0.544585
12.53	0.548163
12.54	0.559789
12.55	0.547927
12.56	0.548519
12.57	0.540131
12.58	0.545863
12.59	0.55468
12.6	0.557048
12.61	0.563028
12.62	0.549471
12.63	0.550224
12.64	0.546559
12.65	0.547469
12.66	0.551285
12.67	0.55761
12.68	0.556861
12.69	0.556371
12.7	0.554119
12.71	0.552585
12.72	0.557678
12.73	0.544439
12.74	0.543266
12.75	0.557619
12.76	0.552626
12.77	0.555457
12.78	0.549439
12.79	0.54839
12.8	0.552618
12.81	0.535985
12.82	0.556552
12.83	0.55126
12.84	0.540482
12.85	0.540256
12.86	0.557214
12.87	0.545395
12.88	0.543012
12.89	0.547965
12.9	0.548338
12.91	0.56849
12.92	0.557561
12.93	0.553213
12.94	0.548497
12.95	0.560308
12.96	0.55892
12.97	0.545682
12.98	0.54354
12.99	0.554542
13	0.56176
13.01	0.53314
13.02	0.552558
13.03	0.547261
13.04	0.555103
13.05	0.559121
13.06	0.552429
13.07	0.555177
13.08	0.552597
13.09	0.546583
13.1	0.550113
13.11	0.552285
13.12	0.567519
13.13	0.541662
13.14	0.544904
13.15	0.569695
13.16	0.549187
13.17	0.549606
13.18	0.546012
13.19	0.552802
13.2	0.552391
13.21	0.551027
13.22	0.545037
13.23	0.556955
13.24	0.568496
13.25	0.543872
13.26	0.554818
13.27	0.574618
13.28	0.554022
13.29	0.545229
13.3	0.550579
13.31	0.551631
13.32	0.557885
13.33	0.56584
13.34	0.540446
13.35	0.552164
13.36	0.551447
13.37	0.554551
13.38	0.566552
13.39	0.557591
13.4	0.544688
13.41	0.547706
13.42	0.545258
13.43	0.538809
13.44	0.544977
13.45	0.548172
13.46	0.545441
13.47	0.547326
13.48	0.548691
13.49	0.539439
13.5	0.546103
13.51	0.530787
13.52	0.551264
13.53	0.549489
13.54	0.552686
13.55	0.551721
13.56	0.55922
13.57	0.542641
13.58	0.554046
13.59	0.548499
13.6	0.548751
13.61	0.563704
13.62	0.550794
13.63	0.558038
13.64	0.557195
13.65	0.552092
13.66	0.54626
13.67	0.549769
13.68	0.550392
13.69	0.552851
13.7	0.557311
13.71	0.556674
13.72	0.55677
13.73	0.554027
13.74	0.552599
13.75	0.553294
13.76	0.554441
13.77	0.551062
13.78	0.546997
13.79	0.548173
13.8	0.558666
13.81	0.56322
13.82	0.574415
13.83	0.557652
13.84	0.540912
13.85	0.556249
13.86	0.555153
13.87	0.55128
13.88	0.559858
13.89	0.556276
13.9	0.557269
13.91	0.560031
13.92	0.552946
13.93	0.551107
13.94	0.554333
13.95	0.558593
13.96	0.558067
13.97	0.548941
13.98	0.55171
13.99	0.553802
14	0.539509
14.01	0.545336
14.02	0.562777
14.03	0.537661
14.04	0.5558
14.05	0.54249
14.06	0.555021
14.07	0.552924
14.08	0.558754
14.09	0.551853
14.1	0.561398
14.11	0.551465
14.12	0.546938
14.13	0.580342
14.14	0.560289
14.15	0.559338
14.16	0.552887
14.17	0.556616
14.18	0.559861
14.19	0.549959
14.2	0.554048
14.21	0.530185
14.22	0.544251
14.23	0.553504
14.24	0.550426
14.25	0.551049
14.26	0.550803
14.27	0.544397
14.28	0.549497
14.29	0.551616
14.3	0.545365
14.31	0.553233
14.32	0.56314
14.33	0.550946
14.34	0.56214
14.35	0.551451
14.36	0.553976
14.37	0.555624
14.38	0.574083
14.39	0.570672
14.4	0.553201
14.41	0.548193
14.42	0.553295
14.43	0.555695
14.44	0.560714
14.45	0.557021
14.46	0.54249
14.47	0.546249
14.48	0.551998
14.49	0.528968
14.5	0.561402
14.51	0.563167
14.52	0.551896
14.53	0.559778
14.54	0.577328
14.55	0.562198
14.56	0.555566
14.57	0.550469
14.58	0.547837
14.59	0.553424
14.6	0.558041
14.61	0.555828
14.62	0.561712
14.63	0.590032
14.64	0.558872
14.65	0.572167
14.66	0.565197
14.67	0.532498
14.68	0.549753
14.69	0.549751
14.7	0.552412
14.71	0.550775
14.72	0.553642
14.73	0.56776
14.74	0.539107
14.75	0.560868
14.76	0.549717
14.77	0.560542
14.78	0.556119
14.79	0.573366
14.8	0.583343
14.81	0.553304
14.82	0.541137
14.83	0.555016
14.84	0.534969
14.85	0.544722
14.86	0.544628
14.87	0.556905
14.88	0.552836
14.89	0.552767
14.9	0.561824
14.91	0.536661
14.92	0.531113
14.93	0.553862
14.94	0.544995
14.95	0.548066
14.96	0.557375
14.97	0.555031
14.98	0.544681
14.99	0.544297
15	0.622308
15.01	0.553999
